0 FILE 30477-chameleon.io
0 Untitled Model
0 Name:  30477-chameleon
0 Author:  
0 CustomBrick
0 FlexibleBrickControlPointUnitLength -1
0 FlexibleBrickLockedControlPoint 
0 NumOfBricks:  53
1 191 -20.000000 -40.638420 -47.715500 0.000000 0.000000 -1.000000 0.000000 1.000000 0.000000 1.000000 0.000000 0.000000 3021.dat
1 191 -20.000000 -48.638380 -67.715520 0.000000 0.000000 -1.000000 0.000000 1.000000 0.000000 1.000000 0.000000 0.000000 3021.dat
0 STEP
0 STEP
1 27 -66.604320 -29.084700 -87.715480 -0.700887 0.713272 0.000000 0.713272 0.700887 0.000000 0.000001 0.000000 -1.000000 63868.dat
0 STEP
1 27 -66.604320 -29.084700 -87.715520 0.000000 0.713272 0.700887 0.000000 0.700887 -0.713272 -1.000000 0.000000 0.000000 11477.dat
0 STEP
1 1 -65.301620 -41.824530 -87.715510 0.000000 0.713272 -0.700887 0.000000 0.700887 0.713272 1.000000 0.000000 0.000000 6019.dat
0 STEP
1 0 -20.000000 -56.638380 -87.715540 1.000000 0.000000 0.000000 0.000000 1.000000 0.000000 0.000000 0.000000 1.000000 18649.dat
0 STEP
1 27 26.818500 -29.224070 -87.715450 0.706812 -0.707401 0.000000 0.707401 0.706812 0.000000 -0.000001 0.000000 1.000000 63868.dat
1 27 26.818490 -29.224090 -87.715510 0.000000 -0.707401 -0.706812 0.000000 0.706812 -0.707401 1.000000 0.000000 0.000000 11477.dat
1 1 25.409570 -41.952600 -87.715500 0.000000 -0.707401 0.706812 0.000000 0.706812 0.707401 -1.000000 0.000000 0.000000 6019.dat
0 STEP
1 27 -54.075180 -40.466780 -27.715490 -0.330866 0.943678 0.000000 0.943678 0.330866 0.000001 0.000001 0.000000 -1.000000 63868.dat
0 STEP
1 27 -54.075180 -40.466790 -27.715530 0.000000 0.943678 0.330866 0.000000 0.330866 -0.943678 -1.000000 0.000000 0.000000 11477.dat
0 STEP
1 1 -58.315950 -52.550500 -27.715530 0.000000 0.943678 -0.330866 0.000000 0.330866 0.943678 1.000000 0.000000 0.000000 6019.dat
0 STEP
1 191 -30.000000 -64.638500 -27.715520 -1.000000 0.000000 0.000000 0.000000 1.000000 0.000000 0.000000 0.000000 -1.000000 3665.dat
0 STEP
1 27 15.704750 -40.730380 -27.715480 0.381218 -0.924485 0.000000 0.924485 0.381218 0.000001 -0.000001 0.000000 1.000000 63868.dat
1 27 15.704750 -40.730380 -27.715530 0.000000 -0.924485 -0.381218 0.000000 0.381218 -0.924485 1.000000 0.000000 0.000000 11477.dat
1 1 19.288440 -53.024990 -27.715520 0.000000 -0.924485 0.381218 0.000000 0.381218 0.924485 -1.000000 0.000000 0.000000 6019.dat
0 STEP
1 191 -10.000000 -64.638500 -27.715510 -1.000000 0.000000 0.000000 0.000000 1.000000 0.000000 0.000000 0.000000 -1.000000 3665.dat
1 0 -20.000000 -72.638530 -7.715560 -1.000000 0.000000 0.000000 0.000000 1.000000 0.000000 0.000000 0.000000 -1.000000 11476.dat
0 STEP
1 0 -20.000000 -72.638500 -27.715560 1.000000 0.000000 0.000000 0.000000 1.000000 0.000000 0.000000 0.000000 1.000000 18649.dat
0 STEP
1 27 -30.000000 -56.638420 -57.715530 0.000000 0.000000 -1.000000 0.000000 1.000000 0.000000 1.000000 0.000000 0.000000 3023b.dat
0 STEP
1 27 -10.000000 -56.638420 -57.715530 0.000000 0.000000 -1.000000 0.000000 1.000000 0.000000 1.000000 0.000000 0.000000 3023b.dat
1 27 -20.000000 -80.638420 -57.715560 1.000000 0.000000 0.000000 0.000000 1.000000 0.000000 0.000000 0.000000 1.000000 3003.dat
0 STEP
1 27 -30.000000 -96.638420 -67.715600 1.000000 0.000000 0.000001 0.000000 1.000000 0.000000 -0.000001 0.000000 1.000000 6091.dat
1 27 -10.000000 -96.638430 -67.715600 1.000000 0.000000 0.000001 0.000000 1.000000 0.000000 -0.000001 0.000000 1.000000 6091.dat
1 27 -19.999990 -96.638430 -37.715610 -1.000000 0.000000 0.000000 0.000000 1.000000 0.000000 0.000000 0.000000 -1.000000 93606.dat
0 STEP
1 191 -19.999990 -66.148400 -138.170200 -1.000000 0.000000 0.000000 0.000000 -0.995440 -0.095389 0.000000 -0.095389 0.995440 15068.dat
0 STEP
1 0 -19.999990 -59.138760 -127.452700 1.000000 0.000000 0.000000 0.000000 -0.995440 0.095389 0.000000 -0.095389 -0.995440 11476.dat
0 STEP
1 0 -20.000000 -80.328050 -128.359000 -1.000000 0.000000 0.000000 0.000000 0.999688 0.024983 0.000000 0.024983 -0.999688 99207.dat
1 1 -10.000000 -64.638370 -87.715560 1.000000 0.000000 0.000000 0.000000 1.000000 0.000000 0.000000 0.000000 1.000000 6019.dat
1 1 -30.000000 -64.638370 -87.715560 1.000000 0.000000 0.000000 0.000000 1.000000 0.000000 0.000000 0.000000 1.000000 6019.dat
1 1 -20.000000 -82.877060 -106.415800 -1.000000 0.000000 0.000000 0.000000 0.024983 -0.999688 0.000000 -0.999688 -0.024983 48336.dat
0 STEP
1 4 -20.000000 -65.194500 -148.124600 -1.000000 0.000000 0.000000 0.000000 -0.995440 -0.095389 0.000000 -0.095389 0.995440 60471.dat
0 STEP
1 4 -20.000000 -64.538820 -198.254200 -0.000001 0.000000 1.000000 0.041957 -0.999120 0.000000 0.999120 0.041957 0.000001 44301b.dat
0 STEP
1 0 -15.386820 -83.314780 -216.354700 -0.887235 -0.461318 0.000000 -0.019355 0.037226 0.999120 -0.460912 0.886454 -0.041957 47905.dat
0 STEP
1 27 -19.999980 -92.674060 -114.663200 1.000000 0.000000 0.000000 0.000000 0.024983 0.999688 0.000000 -0.999688 0.024983 15068.dat
0 STEP
1 4 -10.000030 -104.320600 -128.958600 0.000000 0.000000 -1.000000 -0.024983 0.999688 0.000000 0.999688 0.024983 0.000000 87087.dat
1 4 -30.000020 -104.320600 -128.958600 0.000000 0.000000 1.000000 0.024983 0.999688 0.000000 -0.999688 0.024983 0.000000 87087.dat
0 STEP
1 1 -48.000000 -94.323680 -128.708800 0.000000 1.000000 0.000000 0.999688 0.000000 0.024983 0.024983 0.000000 -0.999688 4740.dat
1 1 8.000000 -94.323680 -128.708800 0.000000 -1.000000 0.000000 0.999688 0.000000 -0.024983 0.024983 0.000000 0.999688 4740.dat
0 STEP
1 72 -20.000000 -89.311930 -207.222700 -0.887236 0.000000 0.461317 -0.019355 0.999120 -0.037226 -0.460911 -0.041957 -0.886454 30126.dat
0 STEP
1 15 15.999950 -94.323680 -128.708700 0.000000 -1.000000 0.000000 0.024983 0.000000 0.999688 -0.999688 0.000000 0.024983 98138.dat
1 15 -56.000000 -94.323680 -128.708800 0.000000 1.000000 0.000000 -0.024984 0.000000 0.999688 0.999688 0.000000 0.024984 98138.dat
0 STEP
1 27 -20.000060 -87.825890 -148.552600 1.000000 0.000000 0.000000 0.000000 0.999688 -0.024983 0.000000 0.024983 0.999688 3023b.dat
1 27 -30.000020 -120.315600 -129.358300 1.000000 0.000000 0.000001 0.000000 0.999688 -0.024983 -0.000001 0.024983 0.999688 6091.dat
0 STEP
1 27 -10.000050 -120.315600 -129.358300 1.000000 0.000000 0.000001 0.000000 0.999688 -0.024983 -0.000001 0.024983 0.999688 6091.dat
0 STEP
1 27 -20.000060 -120.315600 -129.358300 1.000000 0.000000 0.000000 0.000000 0.999688 -0.024983 0.000000 0.024983 0.999688 3023b.dat
0 STEP
1 27 -20.000060 -120.565400 -119.361500 1.000000 0.000000 0.000000 0.000000 0.999688 -0.024983 0.000000 0.024983 0.999688 15068.dat
0 STEP
1 16 -20.000000 -4.973150 49.349300 1.000000 0.000000 0.000000 0.000000 0.950132 0.311849 0.000000 -0.311849 0.950132 submodel group 1
0 STEP
0 NOFILE
0 FILE SubModel Group 1
0 SubModel Group 1
0 Name:  SubModel Group 1
0 Author:  
0 CustomBrick
0 FlexibleBrickControlPointUnitLength -1
0 FlexibleBrickLockedControlPoint 
0 NumOfBricks:  6
1 191 0.000000 -52.832180 -25.756530 0.000000 0.000000 -1.000000 0.000000 1.000000 0.000000 1.000000 0.000000 0.000000 18649.dat
1 1 0.000000 -60.832190 -35.756540 1.000000 0.000000 0.000000 0.000000 1.000001 0.000001 0.000000 -0.000001 1.000001 6141.dat
1 27 0.000000 -52.832180 -25.756530 -1.000000 0.000000 0.000000 0.000000 1.000001 -0.000001 0.000000 -0.000001 -1.000001 11477.dat
1 191 0.000000 -23.691940 -9.594840 0.000000 0.000000 -1.000000 0.965117 -0.261820 0.000000 -0.261820 -0.965117 0.000000 3023b.dat
1 1 -0.000010 -31.248540 0.744290 1.000000 0.000000 0.000000 0.000000 -0.261820 0.965117 0.000000 -0.965117 -0.261820 6019.dat
1 27 -0.000010 -23.691920 -9.594840 -1.000000 0.000000 0.000000 0.000000 -0.261820 -0.965117 0.000000 -0.965117 0.261821 11477.dat
0 NOFILE
