0 FILE 30477_Copy.io
0 Untitled Model
0 Name:  30477_Copy
0 Author:  
0 CustomBrick
0 FlexibleBrickControlPointUnitLength -1
0 FlexibleBrickLockedControlPoint 
0 NumOfBricks:  53
1 191 -20.000000 -40.638420 -47.715500 0.000000 0.000000 -1.000000 0.000000 1.000000 0.000000 1.000000 0.000000 0.000000 3021.dat
1 191 -10.000000 -64.638500 -27.715510 -1.000000 0.000000 0.000000 0.000000 1.000000 0.000000 0.000000 0.000000 -1.000000 3665.dat
1 191 -30.000000 -64.638500 -27.715520 -1.000000 0.000000 0.000000 0.000000 1.000000 0.000000 0.000000 0.000000 -1.000000 3665.dat
0 STEP
1 191 -20.000000 -48.638380 -67.715520 0.000000 0.000000 -1.000000 0.000000 1.000000 0.000000 1.000000 0.000000 0.000000 3021.dat
0 STEP
1 0 -20.000000 -56.638380 -87.715540 1.000000 0.000000 0.000000 0.000000 1.000000 0.000000 0.000000 0.000000 1.000000 18649.dat
1 27 -30.000000 -56.638420 -57.715530 0.000000 0.000000 -1.000000 0.000000 1.000000 0.000000 1.000000 0.000000 0.000000 3023b.dat
1 27 -10.000000 -56.638420 -57.715530 0.000000 0.000000 -1.000000 0.000000 1.000000 0.000000 1.000000 0.000000 0.000000 3023b.dat
0 STEP
1 27 -20.000000 -80.638420 -57.715560 1.000000 0.000000 0.000000 0.000000 1.000000 0.000000 0.000000 0.000000 1.000000 3003.dat
1 1 -10.000000 -64.638370 -87.715560 1.000000 0.000000 0.000000 0.000000 1.000000 0.000000 0.000000 0.000000 1.000000 6019.dat
1 1 -30.000000 -64.638370 -87.715560 1.000000 0.000000 0.000000 0.000000 1.000000 0.000000 0.000000 0.000000 1.000000 6019.dat
0 STEP
1 0 -20.000000 -72.638500 -27.715560 1.000000 0.000000 0.000000 0.000000 1.000000 0.000000 0.000000 0.000000 1.000000 18649.dat
1 0 -20.000000 -72.638530 -7.715560 -1.000000 0.000000 0.000000 0.000000 1.000000 0.000000 0.000000 0.000000 -1.000000 11476.dat
0 STEP
1 27 -30.000000 -96.638420 -67.715600 1.000000 0.000000 0.000001 0.000000 1.000000 0.000000 -0.000001 0.000000 1.000000 6091.dat
1 27 -10.000000 -96.638430 -67.715600 1.000000 0.000000 0.000001 0.000000 1.000000 0.000000 -0.000001 0.000000 1.000000 6091.dat
0 STEP
1 27 -19.999990 -96.638430 -37.715610 -1.000000 0.000000 0.000000 0.000000 1.000000 0.000000 0.000000 0.000000 -1.000000 93606.dat
0 STEP
1 27 26.818500 -29.224070 -87.715450 0.706812 -0.707401 0.000000 0.707401 0.706812 0.000000 -0.000001 0.000000 1.000000 63868.dat
1 27 26.818490 -29.224090 -87.715510 0.000000 -0.707401 -0.706812 0.000000 0.706812 -0.707401 1.000000 0.000000 0.000000 11477.dat
1 1 25.409570 -41.952600 -87.715500 0.000000 -0.707401 0.706812 0.000000 0.706812 0.707401 -1.000000 0.000000 0.000000 6019.dat
0 STEP
1 27 15.704750 -40.730380 -27.715480 0.381218 -0.924485 0.000000 0.924485 0.381218 0.000001 -0.000001 0.000000 1.000000 63868.dat
1 27 15.704750 -40.730380 -27.715530 0.000000 -0.924485 -0.381218 0.000000 0.381218 -0.924485 1.000000 0.000000 0.000000 11477.dat
1 1 19.288440 -53.024990 -27.715520 0.000000 -0.924485 0.381218 0.000000 0.381218 0.924485 -1.000000 0.000000 0.000000 6019.dat
0 STEP
1 27 -54.075180 -40.466780 -27.715490 -0.330866 0.943678 0.000000 0.943678 0.330866 0.000001 0.000001 0.000000 -1.000000 63868.dat
1 27 -54.075180 -40.466790 -27.715530 0.000000 0.943678 0.330866 0.000000 0.330866 -0.943678 -1.000000 0.000000 0.000000 11477.dat
1 1 -58.315950 -52.550500 -27.715530 0.000000 0.943678 -0.330866 0.000000 0.330866 0.943678 1.000000 0.000000 0.000000 6019.dat
0 STEP
1 27 -66.604320 -29.084700 -87.715480 -0.700887 0.713272 0.000000 0.713272 0.700887 0.000000 0.000001 0.000000 -1.000000 63868.dat
1 27 -66.604320 -29.084700 -87.715520 0.000000 0.713272 0.700887 0.000000 0.700887 -0.713272 -1.000000 0.000000 0.000000 11477.dat
1 1 -65.301620 -41.824530 -87.715510 0.000000 0.713272 -0.700887 0.000000 0.700887 0.713272 1.000000 0.000000 0.000000 6019.dat
0 STEP
1 16 -20.000020 -56.685310 -125.012800 1.000000 0.000000 0.000000 0.000000 0.999688 -0.024983 0.000000 0.024983 0.999688 head
0 STEP
1 16 -20.000000 -48.313520 -137.915800 1.000000 0.000000 0.000000 0.000000 0.995440 -0.095389 0.000000 0.095389 0.995440 bottom head
0 STEP
1 16 -20.000000 -4.973150 49.349300 1.000000 0.000000 0.000000 0.000000 0.950132 0.311849 0.000000 -0.311849 0.950132 submodel group 1
0 STEP
1 16 -16.462270 -57.674380 -216.277200 1.000000 0.000000 0.000000 0.000000 0.999119 0.041957 0.000000 -0.041957 0.999119 fly,tongue
0 STEP
0 NOFILE
0 FILE head
0 head
0 Name:  head
0 Author:  
0 CustomBrick
0 FlexibleBrickControlPointUnitLength -1
0 FlexibleBrickLockedControlPoint 
0 NumOfBricks:  14
1 4 10.000000 -47.719000 -2.754500 0.000000 0.000000 -1.000000 0.000000 1.000000 0.000000 1.000000 0.000000 0.000000 87087.dat
1 4 -9.999990 -47.719000 -2.754500 0.000000 0.000000 1.000000 0.000000 1.000000 0.000000 -1.000000 0.000000 0.000000 87087.dat
1 0 0.000020 -23.718960 -2.754480 -1.000000 0.000000 0.000000 0.000000 1.000000 0.000000 0.000000 0.000000 -1.000000 99207.dat
0 STEP
1 27 -9.999990 -63.719000 -2.754470 1.000000 0.000000 0.000001 0.000000 1.000000 0.000000 -0.000001 0.000000 1.000000 6091.dat
1 27 9.999980 -63.719000 -2.754470 1.000000 0.000000 0.000001 0.000000 1.000000 0.000000 -0.000001 0.000000 1.000000 6091.dat
0 STEP
1 27 -0.000030 -63.719000 -2.754470 1.000000 0.000000 0.000000 0.000000 1.000000 0.000000 0.000000 0.000000 1.000000 3023b.dat
1 27 -0.000030 -31.718960 -22.754460 1.000000 0.000000 0.000000 0.000000 1.000000 0.000000 0.000000 0.000000 1.000000 3023b.dat
0 STEP
1 1 0.000020 -25.718960 19.245540 -1.000000 0.000000 0.000000 0.000000 0.000000 -1.000000 0.000000 -1.000000 0.000000 48336.dat
0 STEP
1 1 -27.999980 -37.718960 -2.754530 0.000000 1.000000 0.000000 1.000000 0.000000 0.000000 0.000000 0.000000 -1.000000 4740.dat
1 1 28.000020 -37.718960 -2.754530 0.000000 -1.000000 0.000000 1.000000 0.000000 0.000000 0.000000 0.000000 1.000000 4740.dat
0 STEP
1 27 0.000040 -35.718960 11.245470 1.000000 0.000000 0.000000 0.000000 0.000000 1.000000 0.000000 -1.000000 0.000000 15068.dat
0 STEP
1 27 -0.000030 -63.718960 7.245440 1.000000 0.000000 0.000000 0.000000 1.000000 0.000000 0.000000 0.000000 1.000000 15068.dat
1 15 36.000020 -37.718960 -2.754530 0.000000 -1.000000 0.000000 -0.148990 0.000000 -0.988839 0.988839 0.000000 -0.148990 98138p07.dat
1 15 -35.999980 -37.718960 -2.754530 0.000000 1.000000 0.000000 -0.947944 0.000000 -0.318437 -0.318437 0.000000 0.947944 98138p07.dat
0 STEP
0 NOFILE
0 FILE bottom head
0 bottom head
0 Name:  bottom head
0 Author:  
0 CustomBrick
0 FlexibleBrickControlPointUnitLength -1
0 FlexibleBrickLockedControlPoint 
0 NumOfBricks:  3
1 0 0.000000 -9.777810 11.448030 1.000000 0.000000 0.000000 0.000000 -1.000000 0.000000 0.000000 0.000000 -1.000000 11476.dat
1 191 0.000000 -17.777820 1.448050 -1.000000 0.000000 0.000000 0.000000 -1.000000 0.000000 0.000000 0.000000 1.000000 15068.dat
0 STEP
1 4 -0.000010 -17.777810 -8.551960 -1.000000 0.000000 0.000000 0.000000 -1.000000 0.000000 0.000000 0.000000 1.000000 60471.dat
0 STEP
0 NOFILE
0 FILE SubModel Group 1
0 SubModel Group 1
0 Name:  SubModel Group 1
0 Author:  
0 CustomBrick
0 FlexibleBrickControlPointUnitLength -1
0 FlexibleBrickLockedControlPoint 
0 NumOfBricks:  6
1 191 0.000000 -23.691940 -9.594840 0.000000 0.000000 -1.000000 0.965117 -0.261820 0.000000 -0.261820 -0.965117 0.000000 3023b.dat
1 1 -0.000010 -31.248540 0.744290 1.000000 0.000000 0.000000 0.000000 -0.261820 0.965117 0.000000 -0.965117 -0.261820 6019.dat
1 27 -0.000010 -23.691920 -9.594840 -1.000000 0.000000 0.000000 0.000000 -0.261820 -0.965117 0.000000 -0.965117 0.261821 11477.dat
0 STEP
1 16 0.000000 -44.832180 -32.089870 1.000000 0.000000 0.000000 0.000000 1.000000 0.000000 0.000000 0.000000 1.000000 submodel group 2
0 STEP
0 NOFILE
0 FILE SubModel Group 2
0 SubModel Group 2
0 Name:  SubModel Group 2
0 Author:  
0 CustomBrick
0 FlexibleBrickControlPointUnitLength -1
0 FlexibleBrickLockedControlPoint 
0 NumOfBricks:  3
1 1 0.000000 -16.000020 -3.666670 1.000000 0.000000 0.000000 0.000000 1.000001 0.000001 0.000000 -0.000001 1.000001 6141.dat
1 27 0.000000 -8.000000 6.333340 -1.000000 0.000000 0.000000 0.000000 1.000001 -0.000001 0.000000 -0.000001 -1.000001 11477.dat
1 191 0.000000 -8.000000 6.333340 0.000000 0.000000 -1.000000 0.000000 1.000000 0.000000 1.000000 0.000000 0.000000 18649.dat
0 NOFILE
0 FILE fly,tongue
0 fly,tongue
0 Name:  fly,tongue
0 Author:  
0 CustomBrick
0 FlexibleBrickControlPointUnitLength -1
0 FlexibleBrickLockedControlPoint 
0 NumOfBricks:  3
1 0 1.075450 -25.614580 -1.153210 -0.887235 -0.461318 0.000000 0.000000 0.000000 1.000001 -0.461318 0.887235 0.000000 47905.dat
1 4 -3.537730 -7.614590 17.719140 -0.000001 0.000000 1.000000 0.000000 -1.000001 0.000000 1.000001 0.000000 0.000001 44301b.dat
0 STEP
1 72 -3.537730 -31.989600 7.719130 -0.887236 0.000000 0.461317 0.000000 1.000001 0.000000 -0.461317 0.000000 -0.887235 30126.dat
0 STEP
0 NOFILE
