0 FILE MOC-165390_NJDesign_30477_Dragster.io
0 Untitled Model
0 Name:  MOC-165390_NJDesign_30477_Dragster
0 Author:  
0 CustomBrick
0 FlexibleBrickControlPointUnitLength -1
0 FlexibleBrickLockedControlPoint 
0 NumOfBricks:  25
1 0 -60.000020 -14.000000 10.000000 -1.000000 0.000000 0.000000 0.000000 1.000000 0.000000 0.000000 0.000000 -1.000000 11476.dat
1 0 -60.000020 -14.000000 -10.000000 1.000000 0.000000 0.000000 0.000000 1.000000 0.000000 0.000000 0.000000 1.000000 11476.dat
1 191 -30.000010 -22.000000 -0.000010 1.000000 0.000000 0.000000 0.000000 1.000000 0.000000 0.000000 0.000000 1.000000 3021.dat
0 STEP
1 191 -10.000000 -14.000000 -0.000010 1.000000 0.000000 0.000000 0.000000 1.000000 0.000000 0.000000 0.000000 1.000000 3021.dat
0 STEP
1 27 20.000000 -22.000000 9.999990 1.000000 0.000000 0.000000 0.000000 1.000000 0.000000 0.000000 0.000000 1.000000 3023.dat
1 191 20.000000 -22.000000 -10.000010 1.000000 0.000000 0.000000 0.000000 1.000000 0.000000 0.000000 0.000000 1.000000 3023.dat
0 STEP
1 0 10.000000 -30.000000 -0.000010 0.000000 0.000000 1.000000 0.000000 1.000000 0.000000 -1.000000 0.000000 0.000000 18649.dat
1 0 -10.000000 -30.000000 -0.000010 0.000000 0.000000 1.000000 0.000000 1.000000 0.000000 -1.000000 0.000000 0.000000 18649.dat
1 27 -30.000010 -30.000000 -0.000010 0.000000 0.000000 1.000000 0.000000 1.000000 0.000000 -1.000000 0.000000 0.000000 3023.dat
0 STEP
1 15 -10.000000 -38.000000 -10.000010 -0.173648 0.000000 -0.984807 0.000000 1.000000 0.000000 0.984807 0.000000 -0.173648 98138p07.dat
1 27 -60.000020 -38.000000 0.000000 0.000000 0.000000 1.000000 0.000000 1.000000 0.000000 -1.000000 0.000000 0.000000 93606.dat
1 15 -10.000010 -38.000000 9.999990 0.939693 0.000000 0.342020 0.000000 1.000000 0.000000 -0.342020 0.000000 0.939693 98138p07.dat
0 STEP
1 27 -90.000030 -14.000000 20.000000 0.000000 0.000000 1.000000 0.000000 1.000000 0.000000 -1.000000 0.000000 0.000000 3023.dat
1 27 -90.000030 -14.000000 -20.000020 0.000000 0.000000 1.000000 0.000000 1.000000 0.000000 -1.000000 0.000000 0.000000 3023.dat
0 STEP
1 27 0.000000 -30.000000 -0.000010 0.000000 0.000000 -1.000000 0.000000 1.000000 0.000000 1.000000 0.000000 0.000000 15068.dat
0 STEP
1 27 50.000000 -54.000000 -10.000020 0.000000 0.000000 1.000000 0.000000 1.000000 0.000000 -1.000000 0.000000 0.000000 6091.dat
1 27 50.000000 -54.000000 10.000000 0.000000 0.000000 1.000000 0.000000 1.000000 0.000000 -1.000000 0.000000 0.000000 6091.dat
0 STEP
1 1 50.000000 -38.000000 -0.000010 0.000000 0.000000 -1.000000 0.000000 1.000000 0.000000 1.000000 0.000000 0.000000 48336.dat
0 STEP
1 4 49.999980 -30.000000 -10.000050 1.000000 0.000000 0.000000 0.000000 1.000000 0.000000 0.000000 0.000000 1.000000 87087.dat
1 4 50.000000 -30.000000 9.999980 -1.000000 0.000000 0.000001 0.000000 1.000000 0.000000 -0.000001 0.000000 -1.000000 87087.dat
0 STEP
1 1 49.999980 -20.000000 27.999990 1.000000 0.000000 0.000000 0.000000 0.000000 1.000000 0.000000 -1.000000 0.000000 4740.dat
1 1 49.999980 -20.000000 -28.000050 1.000000 0.000000 0.000000 0.000000 0.000000 -1.000000 0.000000 1.000000 0.000000 4740.dat
0 STEP
1 16 81.706340 -27.587600 10.000000 0.819152 0.573577 0.000000 -0.573577 0.819152 0.000000 0.000000 0.000000 1.000000 submodel group 1
0 STEP
0 NOFILE
0 FILE SubModel Group 1
0 SubModel Group 1
0 Name:  SubModel Group 1
0 Author:  
0 CustomBrick
0 FlexibleBrickControlPointUnitLength -1
0 FlexibleBrickLockedControlPoint 
0 NumOfBricks:  3
1 1 15.235890 -15.605550 -20.000010 0.000000 0.000000 1.000000 0.000000 1.000000 0.000000 -1.000000 0.000000 0.000000 61252.dat
1 1 15.235900 -15.605520 0.000000 0.000000 0.000000 1.000000 0.000000 1.000000 0.000000 -1.000000 0.000000 0.000000 61252.dat
1 191 15.235870 -23.605520 -10.000000 0.000000 0.000000 1.000000 0.000000 1.000000 0.000000 -1.000000 0.000000 0.000000 18649.dat
0 NOFILE
