0 FILE 42132-2.io
0 Untitled Model
0 Name:  42132-2
0 Author:  inhong yoon
0 CustomBrick
0 FlexibleBrickControlPointUnitLength -1
0 FlexibleBrickLockedControlPoint 
0 NumOfBricks:  154
1 4 -35.000150 -61.104780 -91.509750 0.000000 1.000004 -0.000001 -0.998890 0.000000 0.047107 0.047107 0.000000 0.998895 32524.dat
1 4 -35.000170 -62.989020 -131.465500 1.000005 0.000001 0.000000 0.000000 -0.047106 0.998890 0.000000 -0.998895 -0.047107 11214.dat
0 STEP
1 4 5.000020 -62.989020 -131.465500 1.000005 0.000000 0.000000 0.000000 -0.047106 0.998890 0.000000 -0.998895 -0.047107 32054.dat
0 STEP
1 1 -15.000110 -58.278360 -31.576020 1.000005 0.000000 0.000000 0.000000 0.998890 0.047107 0.000000 -0.047107 0.998895 6558.dat
0 STEP
1 72 -15.000140 -114.274400 -53.127080 0.000001 -1.000005 0.000000 0.359182 0.000001 0.933268 -0.933272 0.000000 0.359183 32140.dat
0 STEP
1 1 -15.000120 -76.943690 -38.759730 1.000005 0.000000 -0.000001 -0.000001 0.933268 -0.359182 0.000000 0.359183 0.933273 6558.dat
0 STEP
1 14 -15.000140 -114.274400 -53.127080 1.000005 0.000000 -0.000001 -0.000001 0.933268 -0.359182 0.000000 0.359183 0.933273 32073.dat
0 STEP
1 4 5.000010 -60.581680 -91.532180 0.000000 1.000005 -0.000001 -0.999263 0.000000 0.038389 0.038389 0.000000 0.999268 32524.dat
0 STEP
1 0 15.000060 -62.046900 -111.487600 1.000005 0.000000 0.000000 0.000000 0.998890 0.047107 0.000000 -0.047107 0.998895 2780.dat
1 0 -45.000220 -62.046900 -111.487600 1.000005 0.000000 0.000000 0.000000 0.998890 0.047107 0.000000 -0.047107 0.998895 2780.dat
0 STEP
1 4 -55.000220 -62.046900 -111.487600 0.000000 0.000000 1.000005 -0.998890 -0.047107 0.000000 0.047107 -0.998895 0.000000 42003.dat
1 4 25.000100 -62.046890 -111.487600 0.000000 0.000000 1.000005 -0.998890 -0.047107 0.000000 0.047107 -0.998895 0.000000 42003.dat
0 STEP
1 14 -15.000080 -60.162620 -71.531840 1.000005 0.000000 -0.000001 0.000000 0.998890 0.047107 0.000000 -0.047107 0.998895 32073.dat
0 STEP
1 0 -45.000230 -59.220500 -51.553920 1.000005 0.000000 -0.000001 0.000000 0.998890 0.047107 0.000000 -0.047107 0.998895 2780.dat
0 STEP
1 4 -55.000240 -60.162640 -71.531840 0.000000 1.000005 -0.000001 -0.998890 0.000000 0.047107 0.047107 0.000000 0.998895 32271.dat
0 STEP
1 72 -25.000190 -117.866200 -43.794380 -0.000001 1.000005 0.000000 -0.359182 -0.000001 0.933268 0.933272 0.000000 0.359183 m102bdfd2_202215_050824.dat
0 STEP
1 71 -14.999930 -151.605200 -67.494460 1.000006 0.000001 0.000000 -0.000001 0.359183 0.933268 0.000000 -0.933274 0.359183 4519.dat
1 0 -24.999980 -132.939800 -60.310760 1.000006 0.000000 0.000001 -0.000001 -0.933268 0.359183 0.000000 -0.359184 -0.933274 2780.dat
0 STEP
1 72 -14.999940 -140.123500 -41.645290 1.000006 0.000000 -0.000001 -0.000001 0.933268 -0.359183 0.000000 0.359183 0.933274 32126.dat
0 STEP
1 1 -14.999950 -143.715300 -32.312530 0.000001 0.000000 1.000006 0.359183 0.933268 0.000000 -0.933274 0.359184 0.000000 43093.dat
0 STEP
1 71 -14.999970 -150.899000 -13.647080 -0.000001 -1.000006 0.000000 -0.359183 0.000001 -0.933268 0.933273 0.000000 -0.359184 62462.dat
0 STEP
1 0 -35.000110 -144.421500 -86.159960 0.000001 1.000005 0.000000 0.359182 0.000000 -0.933268 -0.933273 0.000000 -0.359183 32348.dat
1 71 -15.000000 -216.774300 -165.438700 -1.000005 0.000001 -0.000001 0.000000 -0.272615 -0.962124 -0.000001 -0.962129 0.272617 4519.dat
0 STEP
1 72 -15.000000 -216.774300 -165.438700 1.000005 0.000001 0.000001 0.000000 -0.272615 0.962124 0.000000 -0.962129 -0.272617 6536.dat
0 STEP
1 1 -15.000040 -200.417500 -107.710900 1.000005 0.000001 0.000000 -0.000001 0.359183 0.933268 0.000000 -0.933273 0.359184 6558.dat
1 71 -15.000030 -144.421500 -86.159960 -1.000005 0.000001 0.000000 0.000000 0.359182 -0.933268 0.000000 -0.933273 -0.359183 4519.dat
0 STEP
1 71 -15.000040 -163.086800 -93.343620 -1.000005 0.000001 0.000000 0.000000 0.359182 -0.933268 0.000000 -0.933273 -0.359183 4519.dat
0 STEP
1 0 -15.000040 -163.086700 -93.343650 -0.000001 -1.000005 0.000000 -0.359182 0.000000 -0.933268 0.933273 0.000000 -0.359183 71708.dat
0 STEP
1 72 -15.000120 -144.421400 -86.159920 0.000000 -1.000005 -0.000001 0.933268 0.000000 -0.359182 0.359184 0.000000 0.933273 32271.dat
0 STEP
1 71 -15.000090 -165.972500 -30.163580 -1.000005 0.000000 -0.000001 0.000000 -0.919481 -0.393135 -0.000001 -0.393137 0.919486 4519.dat
0 STEP
1 71 -30.000180 -181.697800 6.615740 0.000000 -1.000005 -0.000001 0.919481 0.000001 -0.393135 0.393137 -0.000001 0.919486 11478.dat
0 STEP
1 71 -40.000220 -165.972500 -30.163560 0.000000 0.000001 1.000005 -0.919481 0.393135 0.000000 -0.393137 -0.919486 0.000001 32123a.dat
0 STEP
1 4 -15.020180 -197.423100 43.395300 -1.000005 0.000000 0.000002 0.000001 0.919481 0.393135 -0.000001 0.393137 -0.919486 32062.dat
0 STEP
1 0 -15.000170 -197.423100 43.395260 0.000001 -1.000005 0.000000 0.393135 0.000001 0.919481 -0.919485 -0.000001 0.393138 18654.dat
0 STEP
1 71 -0.000070 -181.697800 6.615740 0.000000 -1.000005 -0.000001 0.919481 0.000001 -0.393135 0.393137 -0.000001 0.919485 11478.dat
0 STEP
1 71 9.999980 -165.972500 -30.163560 0.000000 0.000001 1.000005 -0.919481 0.393135 -0.000001 -0.393137 -0.919485 0.000001 32123a.dat
0 STEP
1 0 4.999980 -144.421500 -86.159950 0.000001 1.000005 0.000000 0.359182 0.000000 -0.933268 -0.933273 0.000000 -0.359183 32348.dat
0 STEP
1 72 15.000270 -117.866200 -43.794380 -0.000001 1.000005 0.000000 -0.359182 -0.000001 0.933268 0.933272 0.000000 0.359183 m102bdfd2_202215_050824.dat
0 STEP
1 71 25.000030 -114.274400 -53.127060 0.000000 1.000005 -0.000001 -0.933268 -0.000001 -0.359182 -0.359184 0.000000 0.933273 60483.dat
0 STEP
1 72 -74.000390 -101.061000 -89.625240 0.000000 1.000005 0.000000 -0.998392 0.000000 0.056712 0.056713 0.000000 0.998386 15535.dat
0 STEP
1 71 -15.000060 -101.060400 -89.625240 -1.000005 0.000000 0.000000 0.000000 -0.056713 -0.998382 0.000000 -0.998396 0.056712 44294.dat
1 71 -80.000390 -101.060500 -89.625240 0.000000 0.000000 1.000005 -0.998382 -0.056713 0.000000 0.056712 -0.998397 0.000000 32123a.dat
0 STEP
1 71 -55.000220 -101.060500 -89.625270 1.000005 -0.000001 0.000000 0.000000 0.047106 -0.998891 0.000001 0.998885 0.047107 32016.dat
1 71 -55.000180 -138.481500 -103.205300 0.000001 0.000000 1.000005 -0.940878 0.338745 0.000000 -0.338746 -0.940884 0.000001 4519.dat
1 4 -55.000220 -71.093620 -91.038690 0.000000 -0.000001 1.000005 0.998890 0.047106 0.000000 -0.047107 0.998895 0.000001 32062.dat
0 STEP
1 72 -40.000210 -101.029800 -89.599440 -0.000001 0.000001 1.000005 0.047107 -0.998891 0.000001 0.998895 0.047108 0.000000 6575.dat
1 71 -30.000170 -101.029800 -89.599440 0.000001 0.000001 1.000005 -0.998891 -0.047107 0.000001 0.047107 -0.998895 0.000000 32123a.dat
0 STEP
1 72 -20.000090 -101.029800 -89.599410 0.000000 -0.000001 1.000005 0.998891 0.047107 0.000000 -0.047107 0.998895 0.000000 6575.dat
1 71 -9.999969 -101.029800 -89.599420 0.000001 0.000001 1.000005 -0.998891 -0.047107 0.000001 0.047107 -0.998895 0.000000 32123a.dat
0 STEP
1 72 0.000020 -101.029800 -89.599330 0.000001 0.000000 1.000005 -0.047107 0.998890 0.000000 -0.998895 -0.047107 0.000000 6575.dat
1 71 10.000080 -101.029800 -89.599430 0.000001 0.000001 1.000005 -0.998891 -0.047107 0.000001 0.047107 -0.998895 0.000000 32123a.dat
0 STEP
1 71 24.999860 -101.060400 -89.625560 1.000005 -0.000001 0.000000 0.000000 0.047106 -0.998890 0.000001 0.998894 0.047107 32016.dat
0 STEP
1 4 24.999890 -71.093590 -91.038860 0.000000 -0.000001 1.000005 0.998890 0.047106 0.000000 -0.047107 0.998895 0.000000 32062.dat
1 71 24.999940 -138.481400 -103.205200 0.000001 0.000000 1.000005 -0.940879 0.338745 0.000000 -0.338746 -0.940884 0.000000 4519.dat
0 STEP
1 71 44.999980 -101.029900 -89.599330 -0.000001 0.000000 1.000005 0.047107 -0.998891 0.000000 0.998895 0.047108 0.000000 94925.dat
0 STEP
1 71 -15.000320 -133.776700 -101.511500 0.000000 0.000001 -1.000013 0.338745 -0.940875 0.000000 -0.940884 -0.338745 0.000000 11478.dat
0 STEP
1 71 -35.000560 -143.185500 -104.898800 0.000001 0.000000 1.000005 -0.940879 0.338745 0.000001 -0.338746 -0.940883 0.000000 4274.dat
1 71 -15.000310 -141.303800 -104.221400 0.000001 0.000000 1.000005 -0.940879 0.338745 0.000001 -0.338746 -0.940883 0.000000 4274.dat
1 71 4.999940 -146.007900 -105.915800 0.000001 0.000000 1.000005 -0.940879 0.338745 0.000001 -0.338746 -0.940883 0.000000 4274.dat
0 STEP
1 0 -35.000560 -150.712500 -107.608800 1.000005 -0.000001 0.000000 0.000001 0.940879 -0.338745 0.000000 0.338746 0.940883 98138.dat
1 0 -15.000300 -148.830800 -106.931400 1.000005 -0.000001 0.000000 0.000001 0.940879 -0.338745 0.000000 0.338746 0.940883 98138.dat
1 0 4.999950 -153.535000 -108.625800 1.000005 -0.000001 0.000000 0.000001 0.940879 -0.338745 0.000000 0.338746 0.940883 98138.dat
0 STEP
1 71 24.999950 -143.185800 -104.898900 1.000005 -0.000001 0.000000 0.000001 0.940879 -0.338745 0.000000 0.338746 0.940883 6632.dat
1 71 -55.000180 -143.185900 -104.899000 1.000005 -0.000001 0.000000 0.000001 0.940879 -0.338745 0.000000 0.338746 0.940883 6632.dat
0 STEP
1 16 15.999940 -144.502700 -116.001500 0.000000 -1.000005 0.000001 -0.338745 -0.000002 -0.940879 0.940883 0.000000 -0.338746 submodel group 1
0 STEP
1 16 -64.000290 -142.131600 -122.587800 0.000000 -1.000005 0.000001 -0.338746 -0.000001 -0.940879 0.940883 0.000000 -0.338747 submodel group 2
0 STEP
1 72 -15.000040 -211.322000 -146.196100 -0.000001 1.000005 0.000001 0.272615 0.000000 0.962124 0.962128 0.000000 -0.272617 32271.dat
0 STEP
1 1 -15.000000 -153.594500 -162.553200 1.000005 0.000001 -0.000001 0.000000 0.962124 0.272616 0.000000 -0.272617 0.962127 6558.dat
0 STEP
1 72 -35.000060 -159.046900 -181.795700 0.000001 -1.000005 -0.000001 0.962124 0.000000 0.272616 -0.272617 0.000000 0.962127 60483.dat
0 STEP
1 71 -14.999980 -159.046800 -181.795800 1.000005 0.000001 -0.000001 0.000000 0.962124 0.272616 0.000000 -0.272617 0.962127 4519.dat
0 STEP
1 72 -14.999980 -159.046900 -181.795700 1.000005 0.000001 0.000001 0.000000 -0.272615 0.962124 0.000000 -0.962128 -0.272617 6536.dat
0 STEP
1 72 5.000110 -159.046900 -181.795800 0.000001 -1.000005 -0.000001 0.962124 0.000000 0.272616 -0.272617 0.000000 0.962127 60483.dat
0 STEP
1 72 -14.999960 -183.741600 -195.585900 1.000005 0.000001 -0.000001 0.000000 0.962124 0.272616 0.000000 -0.272617 0.962127 27940.dat
0 STEP
1 4 -14.999960 -183.741600 -195.585900 0.000001 -1.000005 -0.000001 0.962124 0.000000 0.272616 -0.272617 0.000000 0.962127 32054.dat
0 STEP
1 4 -35.000040 -183.741600 -195.585900 1.000005 0.000001 0.000001 0.000000 -0.272615 0.962124 0.000000 -0.962128 -0.272617 32291.dat
1 4 5.000120 -183.741600 -195.585900 1.000005 0.000001 0.000001 0.000000 -0.272615 0.962124 0.000000 -0.962127 -0.272616 32291.dat
0 STEP
1 1 -14.999980 -212.605400 -187.407500 0.000001 -1.000005 -0.000001 0.962123 0.000000 0.272616 -0.272617 0.000000 0.962128 43093.dat
0 STEP
1 71 -15.000060 -62.932260 -151.490500 1.000005 -0.000001 -0.000001 0.000000 0.790443 -0.612536 0.000000 0.612538 0.790447 4519.dat
1 71 -15.000060 -211.347600 -146.193300 1.000005 0.000001 0.000000 0.000000 0.962123 0.272616 0.000000 -0.272617 0.962128 4519.dat
0 STEP
1 71 -55.000290 -114.274400 -53.127100 -0.000001 -1.000005 -0.000001 0.933268 0.000000 -0.359183 0.359184 0.000000 0.933272 60483.dat
0 STEP
1 0 -5.000100 -54.509830 48.335490 1.000005 0.000000 0.000000 0.000000 0.998890 0.047107 0.000000 -0.047107 0.998895 3706.dat
0 STEP
1 71 -40.000280 -54.509820 48.335520 0.000001 0.000000 1.000005 -0.047107 0.998890 0.000000 -0.998895 -0.047107 0.000000 32123a.dat
0 STEP
1 71 -15.000150 -54.509840 48.335490 0.000000 0.000001 1.000005 0.999999 0.001777 -0.000001 -0.001777 1.000003 -0.000001 56145.dat
1 256 -15.000150 -54.509840 48.335490 0.000000 0.000000 1.000005 -0.000085 1.000000 -0.000001 -1.000005 -0.000085 0.000000 44309.dat
0 STEP
1 4 -5.000100 -54.509830 48.335490 0.000000 0.000000 1.000005 0.998890 0.047107 0.000000 -0.047107 0.998895 0.000000 3713.dat
0 STEP
1 72 9.999980 -54.509830 48.335490 0.000000 0.000000 1.000005 0.998890 0.047107 0.000000 -0.047107 0.998895 0.000000 4185.dat
0 STEP
1 4 25.000090 -60.162620 -71.531840 0.000000 1.000005 0.000000 -0.998890 0.000000 0.047107 0.047107 0.000000 0.998895 32271.dat
0 STEP
1 1 25.000070 -59.220480 -51.553940 -1.000005 0.000000 0.000001 0.000000 0.998890 -0.047107 0.000000 -0.047107 -0.998895 6558.dat
0 STEP
1 0 45.000220 -59.220480 -51.553930 0.000000 1.000005 0.000000 -0.998890 0.000000 0.047107 0.047107 0.000000 0.998895 18654.dat
0 STEP
1 72 45.000160 -54.509830 48.335500 0.000001 0.000000 1.000005 -0.047107 0.998890 0.000000 -0.998895 -0.047107 0.000000 3648b.dat
0 STEP
1 0 45.000180 -24.762040 40.023870 -1.000005 0.000000 0.000000 0.000000 -0.998890 0.047107 0.000000 0.047107 0.998895 3711.dat
1 0 45.000180 -32.224270 25.870590 -1.000005 0.000000 0.000000 0.000000 -0.884581 0.466388 0.000000 0.466390 0.884585 3711.dat
1 0 45.000180 -39.686510 11.717240 -1.000005 0.000000 0.000000 0.000000 -0.884581 0.466388 0.000000 0.466390 0.884585 3711.dat
1 0 45.000180 -48.725980 -1.484630 -1.000005 0.000000 0.000000 0.000000 -0.825113 0.564968 0.000000 0.564970 0.825118 3711.dat
1 0 45.000180 -56.188160 -15.638040 -1.000005 0.000000 0.000000 0.000000 -0.884581 0.466388 0.000000 0.466390 0.884585 3711.dat
1 0 45.000190 -63.650360 -29.791340 -1.000005 0.000000 0.000000 0.000000 -0.884581 0.466388 0.000000 0.466390 0.884585 3711.dat
1 0 45.000180 -71.112560 -43.944730 -1.000005 0.000000 0.000000 0.000000 -0.884581 0.466388 0.000000 0.466390 0.884585 3711.dat
1 0 45.000200 -76.083480 -59.153020 -1.000005 0.000000 0.000000 0.000000 -0.950515 0.310680 0.000000 0.310681 0.950519 3711.dat
1 0 45.000200 -77.589280 -75.082110 -1.000005 0.000000 0.000000 0.000000 -0.995562 0.094116 0.000000 0.094116 0.995566 3711.dat
1 0 45.000220 -80.422740 -90.829270 -1.000005 0.000000 0.000000 0.000000 -0.984195 0.177091 0.000000 0.177092 0.984199 3711.dat
1 0 45.000220 -86.052310 -105.806200 -1.000005 0.000000 0.000000 0.000000 -0.936058 0.351848 0.000000 0.351849 0.936062 3711.dat
1 0 45.000230 -100.928800 -111.696100 -1.000005 0.000000 0.000000 0.000000 -0.368118 0.929779 0.000000 0.929784 0.368119 3711.dat
1 0 45.000230 -115.687400 -105.850800 -1.000005 0.000000 0.000000 0.000000 0.351849 0.936058 0.000000 0.936062 -0.351850 3711.dat
1 0 45.000230 -120.737700 -90.668720 -1.000005 0.000000 0.000000 0.000000 0.948879 0.315642 0.000000 0.315644 -0.948883 3711.dat
1 0 45.000220 -118.898500 -74.774640 -1.000005 0.000000 0.000000 0.000000 0.993373 -0.114945 0.000000 -0.114945 -0.993377 3711.dat
1 0 45.000200 -114.892400 -59.284180 -1.000005 0.000000 0.000000 0.000000 0.968146 -0.250387 0.000000 -0.250388 -0.968151 3711.dat
1 0 45.000200 -110.886200 -43.793780 -1.000005 0.000000 0.000000 0.000000 0.968146 -0.250387 0.000000 -0.250388 -0.968151 3711.dat
1 0 45.000200 -106.880000 -28.303330 -1.000005 0.000000 0.000000 0.000000 0.968146 -0.250387 0.000000 -0.250388 -0.968151 3711.dat
1 0 45.000180 -102.873800 -12.812970 -1.000005 0.000000 0.000000 0.000000 0.968146 -0.250387 0.000000 -0.250388 -0.968151 3711.dat
1 0 45.000180 -98.867660 2.677440 -1.000005 0.000000 0.000000 0.000000 0.968146 -0.250387 0.000000 -0.250388 -0.968151 3711.dat
1 0 45.000180 -94.861400 18.167880 -1.000005 0.000000 0.000000 0.000000 0.968146 -0.250387 0.000000 -0.250388 -0.968151 3711.dat
1 0 45.000180 -90.855270 33.658160 -1.000005 0.000000 0.000000 0.000000 0.968146 -0.250387 0.000000 -0.250388 -0.968151 3711.dat
1 0 45.000160 -86.849010 49.148680 -1.000005 0.000000 0.000000 0.000000 0.968146 -0.250387 0.000000 -0.250388 -0.968151 3711.dat
1 0 45.000160 -82.842880 64.639110 -1.000005 0.000000 0.000000 0.000000 0.968146 -0.250387 0.000000 -0.250388 -0.968151 3711.dat
1 0 45.000140 -71.529010 75.952800 -1.000005 0.000000 0.000000 0.000000 0.707099 -0.707115 0.000000 -0.707117 -0.707101 3711.dat
1 0 45.000140 -57.063640 82.790420 -1.000005 0.000000 0.000000 0.000000 0.427347 -0.904088 0.000000 -0.904092 -0.427350 3711.dat
1 0 45.000140 -41.297150 80.066940 -1.000005 0.000001 0.000000 0.000000 -0.170221 -0.985406 0.000000 -0.985410 0.170222 3711.dat
1 0 45.000160 -27.743300 71.564240 -1.000005 0.000000 0.000000 0.000000 -0.531410 -0.847116 0.000000 -0.847120 0.531411 3711.dat
1 0 45.000160 -24.008360 56.006240 -1.000005 0.000000 0.000000 0.000000 -0.972374 -0.233434 0.000000 -0.233434 0.972378 3711.dat
0 STEP
1 72 -45.000060 -227.678300 -203.924600 0.000000 0.000001 -1.000005 0.962118 -0.272616 0.000000 -0.272616 -0.962138 0.000000 32016.dat
1 4 -14.999890 -227.678200 -203.924600 1.000005 0.000000 -0.000001 0.000000 0.962118 0.272616 0.000000 -0.272616 0.962138 32062.dat
0 STEP
1 72 15.000240 -227.678300 -203.924600 0.000000 0.000000 1.000005 -0.962118 -0.272616 0.000000 0.272616 -0.962138 0.000000 32016.dat
0 STEP
1 0 51.739680 -223.499700 -189.177900 -0.923881 -0.382693 0.000000 -0.104327 0.251863 0.962118 -0.368201 0.888898 -0.272616 18651.dat
1 0 -81.739490 -223.499700 -189.178000 0.923882 0.382692 0.000000 -0.104327 0.251864 -0.962118 -0.368200 0.888898 0.272616 18651.dat
0 STEP
1 70 15.000190 -189.194100 -214.828400 0.000000 -0.000001 -1.000005 -0.962124 0.272615 0.000000 0.272616 0.962128 0.000000 15462.dat
1 70 -45.000040 -189.193600 -214.829400 0.000000 -0.000001 -1.000005 -0.962118 0.272616 0.000000 0.272616 0.962138 0.000000 15462.dat
0 STEP
1 0 -14.999920 -211.438500 -238.315300 1.000004 -0.000001 0.000000 -0.000001 -0.244975 -0.969527 0.000000 0.969545 -0.244969 2817.dat
0 STEP
1 0 5.000180 -213.888100 -228.619800 1.000004 -0.000001 -0.000001 -0.000001 0.272616 -0.962118 0.000000 0.962138 0.272616 2780.dat
1 0 -35.000020 -213.888200 -228.619800 1.000004 -0.000001 -0.000001 -0.000001 0.272616 -0.962118 0.000000 0.962138 0.272616 2780.dat
0 STEP
1 15 -14.999950 -209.478700 -246.071500 0.000000 -0.000001 -1.000004 -0.969527 -0.244975 0.000000 -0.244969 0.969545 0.000000 14769.dat
0 STEP
1 72 15.000250 -208.436400 -209.377900 0.000000 0.000001 -1.000005 0.962126 -0.272617 0.000000 -0.272619 -0.962146 0.000000 6536.dat
1 72 -45.000160 -208.435800 -209.377100 0.000000 0.000001 -1.000004 0.962118 -0.272616 0.000000 -0.272616 -0.962138 0.000000 6536.dat
0 STEP
0 STEP
1 72 -14.999960 -174.608200 -218.961300 0.000001 0.000001 1.000005 -0.272615 0.962124 0.000000 -0.962128 -0.272616 0.000000 32449.dat
0 STEP
1 71 -45.000040 -165.140600 -221.644900 1.000005 0.000000 -0.000001 0.000000 0.272616 -0.962123 0.000000 0.962128 0.272617 32123a.dat
1 71 15.000190 -165.140900 -221.643900 1.000005 0.000000 -0.000001 0.000000 0.272616 -0.962123 0.000000 0.962128 0.272617 32123a.dat
0 STEP
1 71 -45.000020 -141.088300 -228.463000 1.000005 0.000000 -0.000001 0.000000 0.272616 -0.962123 0.000000 0.962128 0.272617 59443.dat
1 71 15.000200 -141.088600 -228.462000 1.000005 0.000000 -0.000001 0.000000 0.272616 -0.962123 0.000000 0.962128 0.272617 59443.dat
0 STEP
1 4 -45.000000 -102.602600 -239.365000 0.000000 0.000000 1.000005 0.962123 0.272616 -0.000001 -0.272617 0.962128 0.000000 3705.dat
1 4 15.000230 -102.602900 -239.364000 0.000001 0.000000 1.000005 0.962123 0.272616 -0.000001 -0.272617 0.962128 0.000000 3705.dat
0 STEP
1 72 -44.999980 -73.738910 -247.543400 -1.000005 0.000000 -0.000001 0.000001 -0.272617 -0.962124 0.000000 -0.962128 0.272617 32126.dat
1 72 15.000250 -73.739140 -247.542400 1.000005 0.000000 -0.000001 -0.000001 0.272616 -0.962123 0.000000 0.962128 0.272617 32126.dat
0 STEP
1 4 -15.000020 -54.504690 -253.000700 1.000005 0.000000 0.000000 0.000000 0.998890 0.047107 0.000000 -0.047107 0.998895 3705.dat
0 STEP
1 71 -50.000160 -54.504680 -253.000700 0.000001 0.000000 1.000005 -0.047107 0.998890 0.000000 -0.998895 -0.047107 0.000000 32123a.dat
1 71 20.000140 -54.504680 -253.000700 0.000001 0.000000 1.000005 -0.047107 0.998890 0.000000 -0.998895 -0.047107 0.000000 32123a.dat
0 STEP
1 71 -15.000020 -54.504680 -253.000800 0.000000 0.000000 1.000005 -0.000086 1.000000 0.000000 -1.000005 -0.000086 0.000000 56904.dat
1 71 -9.999990 -54.504690 -253.000700 0.000001 0.000000 1.000005 -0.047107 0.998890 0.000000 -0.998895 -0.047107 0.000000 32123a.dat
1 72 4.000070 -54.504690 -253.000700 0.000000 -1.000005 0.000000 -0.047107 0.000000 0.998890 -0.998895 0.000000 -0.047107 15535.dat
1 256 -15.000000 -54.504680 -253.000000 0.000000 0.000000 1.000000 -0.000086 1.000000 0.000000 -1.000000 -0.000086 0.000000 30699.dat
0 STEP
0 STEP
0 NOFILE
0 FILE SubModel Group 1
0 SubModel Group 1
0 Name:  SubModel Group 1
0 Author:  
0 CustomBrick
0 FlexibleBrickControlPointUnitLength -1
0 FlexibleBrickLockedControlPoint 
0 NumOfBricks:  4
1 71 -10.000000 -9.000000 -15.000000 1.000000 0.000000 0.000000 0.000000 1.000000 0.000000 0.000000 0.000000 1.000000 32123a.dat
1 71 -10.000000 -9.000000 -5.000000 1.000000 0.000000 0.000000 0.000000 1.000000 0.000000 0.000000 0.000000 1.000000 32123a.dat
0 STEP
1 1 -9.999980 -9.000000 0.000000 0.000000 0.000000 1.000000 0.000000 1.000000 0.000000 -1.000000 0.000000 0.000000 43093.dat
0 STEP
1 71 10.000020 -9.000000 10.000000 0.000000 0.000000 -1.000000 1.000000 0.000000 0.000000 0.000000 -1.000000 0.000000 60483.dat
0 STEP
0 NOFILE
0 FILE SubModel Group 2
0 SubModel Group 2
0 Name:  SubModel Group 2
0 Author:  
0 CustomBrick
0 FlexibleBrickControlPointUnitLength -1
0 FlexibleBrickLockedControlPoint 
0 NumOfBricks:  4
1 71 -3.000000 -9.000000 -15.000000 1.000000 0.000000 0.000000 0.000000 1.000000 0.000000 0.000000 0.000000 1.000000 32123a.dat
1 71 -3.000000 -9.000000 -5.000000 1.000000 0.000000 0.000000 0.000000 1.000000 0.000000 0.000000 0.000000 1.000000 32123a.dat
0 STEP
1 1 -2.999980 -9.000000 0.000000 0.000000 0.000000 1.000000 0.000000 1.000000 0.000000 -1.000000 0.000000 0.000000 43093.dat
0 STEP
1 71 17.000020 -9.000000 10.000000 0.000000 0.000000 -1.000000 1.000000 0.000000 0.000000 0.000000 -1.000000 0.000000 60483.dat
0 STEP
0 NOFILE
