0 FILE 42132-1.io
0 Untitled Model
0 Name:  42132-1
0 Author:  inhong yoon
0 CustomBrick
0 FlexibleBrickControlPointUnitLength -1
0 FlexibleBrickLockedControlPoint 
0 NumOfBricks:  162
1 16 23.999410 -26.494750 -133.994500 1.000000 0.000000 0.000000 0.000000 0.999948 -0.009613 0.000000 0.009619 0.999957 submodel group 1
0 STEP
1 71 -41.000400 -76.615860 -124.446600 0.000001 0.000000 1.000000 0.009614 0.999948 0.000000 -0.999957 0.009619 0.000001 32123a.dat
1 71 23.999570 -76.615970 -124.446500 -0.999999 0.000000 0.000001 0.000000 0.999948 0.009614 -0.000001 0.009619 -0.999956 44294.dat
0 STEP
1 72 -35.000440 -76.615880 -124.446600 0.000000 1.000000 0.000000 0.009614 0.000000 -0.999948 -0.999957 0.000000 -0.009619 15535.dat
0 STEP
1 71 -16.000430 -76.588290 -124.476000 1.000000 -0.000001 0.000000 0.000000 -0.009614 -0.999948 0.000001 0.999957 -0.009619 32016.dat
0 STEP
1 71 -16.000410 -113.178800 -140.156000 0.000001 0.000000 1.000000 -0.920149 0.391553 0.000000 -0.391560 -0.920156 0.000001 4519.dat
1 4 -16.000450 -46.589790 -124.187300 0.000000 -0.000001 1.000000 0.999948 -0.009614 0.000000 0.009619 0.999957 0.000001 32062.dat
0 STEP
1 72 -1.000410 -76.615870 -124.446500 0.000000 0.000001 1.000000 -0.999948 0.009613 0.000000 -0.009619 -0.999957 0.000001 6575.dat
0 STEP
1 71 8.999590 -76.615870 -124.446500 0.000001 0.000000 1.000000 0.009614 0.999948 0.000000 -0.999957 0.009619 0.000001 32123a.dat
0 STEP
1 72 18.999610 -76.615890 -124.446500 0.000000 0.000000 1.000000 -0.009614 -0.999948 0.000000 0.999957 -0.009619 0.000000 6575.dat
0 STEP
1 71 28.999640 -76.615870 -124.446500 0.000001 0.000000 1.000000 0.009614 0.999948 0.000000 -0.999957 0.009619 0.000001 32123a.dat
0 STEP
1 72 38.999570 -76.615970 -124.446500 0.000000 0.000000 1.000000 0.999948 -0.009614 0.000000 0.009619 0.999956 0.000000 6575.dat
0 STEP
1 71 48.999600 -76.615870 -124.446500 0.000001 0.000000 1.000000 0.009614 0.999948 0.000000 -0.999957 0.009619 0.000001 32123a.dat
0 STEP
1 71 63.999420 -76.588280 -124.475900 1.000000 -0.000001 0.000000 0.000000 -0.009614 -0.999948 0.000001 0.999956 -0.009619 32016.dat
0 STEP
1 4 63.999420 -46.589820 -124.187300 0.000000 -0.000001 1.000000 0.999948 -0.009614 0.000000 0.009619 0.999957 0.000000 32062.dat
1 71 63.999470 -113.178700 -140.155900 0.000001 0.000000 1.000000 -0.920150 0.391553 0.000000 -0.391560 -0.920156 0.000000 4519.dat
0 STEP
1 71 83.999370 -76.615970 -124.446500 0.000000 0.000000 1.000000 -0.999948 0.009613 0.000000 -0.009619 -0.999957 0.000000 94925.dat
1 71 23.999330 -108.577600 -138.198100 0.000000 0.000001 -1.000008 0.391553 -0.920146 0.000000 -0.920156 -0.391558 0.000000 11478.dat
0 STEP
1 71 3.999170 -113.178400 -140.155900 0.000000 0.000000 1.000000 -0.920150 0.391553 0.000000 -0.391560 -0.920156 0.000000 4274.dat
1 71 23.999340 -120.539700 -143.287800 0.000001 0.000000 1.000000 -0.920150 0.391553 0.000000 -0.391560 -0.920156 0.000000 4274.dat
1 71 43.999490 -115.939000 -141.330300 0.000001 0.000000 1.000000 -0.920150 0.391553 0.000000 -0.391560 -0.920155 0.000000 4274.dat
0 STEP
1 0 3.999180 -120.539600 -143.288400 1.000000 0.000000 0.000000 0.000000 0.920150 -0.391553 0.000000 0.391560 0.920156 98138.dat
1 0 23.999340 -127.900900 -146.420300 1.000000 0.000000 0.000000 0.000000 0.920150 -0.391553 0.000000 0.391560 0.920156 98138.dat
1 0 43.999500 -123.300200 -144.462800 1.000000 0.000000 0.000000 0.000000 0.920150 -0.391553 0.000000 0.391560 0.920155 98138.dat
0 STEP
1 16 65.999440 -124.711100 -87.464290 1.000000 0.000000 0.000001 0.000000 -0.391552 -0.920150 0.000000 0.920155 -0.391560 submodel group 2
0 STEP
1 16 -19.000400 -84.791240 -181.328000 -1.000000 0.000000 0.000000 0.000000 0.391553 -0.920150 0.000000 -0.920156 -0.391561 submodel group 3
0 STEP
1 71 63.999580 -126.981000 -146.029400 -1.000000 0.000000 0.000001 0.000000 0.391552 -0.920150 0.000000 -0.920156 -0.391560 32123a.dat
1 71 -16.000300 -126.980900 -146.029400 -1.000000 0.000000 0.000001 0.000000 0.391552 -0.920150 0.000000 -0.920155 -0.391560 32123a.dat
0 STEP
1 71 -16.000390 -120.520500 -186.751200 1.000000 -0.000001 0.000000 0.000000 0.920149 -0.391553 0.000000 0.391560 0.920155 6632.dat
1 71 63.999500 -120.520400 -186.751200 1.000000 -0.000001 0.000000 0.000000 0.920149 -0.391553 0.000000 0.391560 0.920155 6632.dat
0 STEP
1 72 23.999640 -161.376900 -200.934800 -1.000003 0.000000 0.000000 0.000000 -0.890671 0.454643 0.000000 0.454653 0.890681 27940.dat
1 4 23.999600 -161.376900 -200.934800 0.000000 1.000003 0.000000 0.890671 0.000000 -0.454643 -0.454653 0.000000 -0.890681 32054.dat
0 STEP
1 1 23.999590 -188.097100 -187.295300 0.000000 1.000003 0.000000 0.890671 0.000000 -0.454643 -0.454653 0.000000 -0.890681 43093.dat
0 STEP
1 72 23.999570 -134.470400 -192.214400 -1.000003 0.000000 0.000000 0.000000 -0.454643 -0.890671 0.000000 -0.890681 0.454653 6536.dat
1 72 23.999570 -187.910900 -164.935200 -1.000003 0.000000 0.000000 0.000000 -0.454643 -0.890671 0.000000 -0.890681 0.454653 6536.dat
0 STEP
1 71 23.999570 -134.470400 -192.214300 -1.000003 0.000000 0.000000 0.000000 -0.454643 -0.890671 0.000000 -0.890682 0.454653 4519.dat
1 71 23.999570 -187.910900 -164.935200 -1.000003 0.000000 0.000000 0.000000 -0.454643 -0.890671 0.000000 -0.890682 0.454653 4519.dat
0 STEP
1 4 3.999520 -161.376900 -200.934700 -1.000003 0.000000 0.000000 0.000000 -0.454644 -0.890671 0.000000 -0.890681 0.454653 32291.dat
1 4 43.999720 -161.376600 -200.934200 -1.000003 0.000000 0.000000 0.000000 -0.454642 -0.890668 0.000000 -0.890677 0.454652 32291.dat
0 STEP
1 72 43.999680 -134.470400 -192.214200 0.000001 -1.000003 0.000000 0.890671 0.000000 0.454643 -0.454653 0.000000 0.890681 60483.dat
0 STEP
1 1 23.999600 -125.377700 -174.400900 -1.000003 0.000000 0.000000 0.000000 -0.890671 0.454643 0.000000 0.454653 0.890681 6558.dat
0 STEP
1 4 23.999420 -178.818200 -147.121500 0.000000 1.000000 0.000000 0.454645 0.000000 0.890667 0.890677 0.000000 -0.454644 32271.dat
0 STEP
1 71 23.999570 -178.818100 -147.121400 -1.000003 0.000000 0.000000 0.000000 -0.454643 -0.890671 0.000000 -0.890681 0.454653 4519.dat
0 STEP
1 72 3.999490 -134.470400 -192.214400 0.000001 -1.000003 0.000000 0.890671 0.000000 0.454643 -0.454653 0.000000 0.890681 60483.dat
0 STEP
1 72 13.999450 -178.631100 -124.761900 0.000000 1.000002 0.000000 -0.890671 0.000000 0.454644 0.454653 0.000000 0.890681 m102bdfd2_202215_050824.dat
0 STEP
1 72 23.999560 -196.631500 -138.028500 0.000000 -1.000003 0.000000 -0.890671 0.000000 -0.454644 0.454653 0.000000 -0.890681 32523.dat
1 1 23.999530 -205.724500 -155.842000 -1.000003 -0.000001 0.000000 0.000000 -0.890671 0.454643 -0.000001 0.454653 0.890681 6558.dat
0 STEP
1 71 23.999440 -36.013550 -184.088500 1.000000 0.000000 0.000000 0.000000 0.446989 0.894533 0.000000 -0.894538 0.446997 4519.dat
0 STEP
1 0 3.999390 -126.790700 15.547230 0.000001 -1.000000 0.000000 -0.876772 0.000000 0.480903 -0.480911 0.000000 -0.876777 32348.dat
0 STEP
1 71 23.999430 -126.790700 15.547260 -1.000001 0.000001 0.000000 0.000000 -0.876772 -0.480903 0.000000 -0.480911 0.876778 4519.dat
1 1 23.999440 -106.194100 -55.275200 1.000000 0.000000 -0.000001 0.000000 0.910786 0.412877 0.000000 -0.412876 0.910796 6558.dat
1 71 23.999460 -122.709100 -91.707140 -1.000000 0.000001 0.000000 0.000000 -0.412877 -0.910785 0.000000 -0.910796 0.412876 4519.dat
0 STEP
1 0 23.999440 -106.194100 -55.275200 -0.000001 -1.000000 0.000000 0.876772 0.000000 -0.480903 0.480911 0.000000 0.876778 18654.dat
0 STEP
1 0 23.999410 -126.790700 15.547260 0.000001 -1.000000 0.000000 -0.876772 0.000000 0.480903 -0.480911 0.000000 -0.876778 71708.dat
0 STEP
1 4 23.999460 -169.505600 -129.258400 0.000000 -1.000000 -0.000001 0.625843 0.000000 0.779940 -0.779944 0.000000 0.625852 32271.dat
0 STEP
1 0 43.999380 -126.790800 15.547110 0.000001 -1.000000 0.000000 -0.876772 0.000000 0.480903 -0.480911 0.000000 -0.876777 32348.dat
0 STEP
1 71 23.999450 -169.505600 -129.258400 -1.000000 0.000001 0.000000 0.000000 -0.779941 -0.625843 0.000000 -0.625852 0.779944 4519.dat
0 STEP
1 14 23.999390 -37.167160 -64.093760 1.000000 -0.000001 0.000000 0.000000 0.256265 -0.966600 0.000000 0.966610 0.256262 32073.dat
0 STEP
1 72 53.999640 -178.631900 -124.761600 0.000000 1.000000 0.000000 -0.890668 -0.000001 0.454642 0.454642 0.000000 0.890678 m102bdfd2_202215_050824.dat
0 STEP
1 1 13.999390 -56.540040 -59.124880 -1.000000 0.000001 0.000000 0.000000 0.009614 -0.999948 -0.000001 -0.999957 -0.009619 43093.dat
1 72 3.999390 -56.540040 -59.124880 0.000000 0.000000 1.000000 -0.999948 0.009613 0.000000 -0.009619 -0.999957 0.000000 32126.dat
0 STEP
1 16 -6.000580 -71.579460 -45.974820 1.000000 -0.000001 0.000000 0.000000 0.833391 -0.552672 0.000000 0.552682 0.833396 submodel group 4
0 STEP
1 14 23.999410 -36.782620 -104.092000 1.000000 0.000000 0.000000 0.000000 0.999948 -0.009613 0.000000 0.009619 0.999957 32073.dat
0 STEP
1 72 -16.000600 -36.782630 -104.092000 0.000000 1.000000 0.000000 -0.999948 0.000000 -0.009613 -0.009619 0.000000 0.999957 32271.dat
0 STEP
1 0 33.999350 -54.050770 27.748340 1.000000 0.000000 -0.000001 0.000000 0.999948 -0.009613 0.000001 0.009619 0.999957 3706.dat
1 4 33.999290 -54.050760 27.748430 0.000000 0.000001 1.000002 -0.999947 0.009613 0.000000 -0.009618 -0.999958 0.000001 3713.dat
0 STEP
1 72 48.999360 -54.050780 27.748440 0.000000 0.000001 1.000002 -0.999947 0.009613 0.000000 -0.009618 -0.999958 0.000001 4185.dat
0 STEP
1 71 24.029270 -54.050780 27.748430 0.000000 0.000000 1.000002 -0.999998 -0.002629 0.000000 0.002633 -0.999992 0.000000 56145.dat
0 STEP
1 71 -1.000710 -54.050760 27.748430 -0.000001 0.000000 -1.000002 -0.009614 0.999947 0.000000 0.999958 0.009619 -0.000001 32123a.dat
1 256 24.029270 -54.050780 27.748430 0.000000 0.000000 -1.000002 0.000937 1.000001 0.000000 0.999995 -0.000941 0.000000 44309.dat
0 STEP
1 0 53.999380 -36.974870 -84.092880 1.000000 0.000000 0.000000 0.000000 0.999948 -0.009613 0.000000 0.009619 0.999957 2780.dat
0 STEP
1 72 63.999400 -36.782620 -104.092000 0.000000 1.000000 0.000000 -0.999948 0.000000 -0.009613 -0.009619 0.000000 0.999957 32271.dat
0 STEP
1 72 83.999350 -54.050760 27.748400 -0.000001 0.000000 -1.000000 -0.009613 0.999948 0.000000 0.999957 0.009619 -0.000001 3648b.dat
0 STEP
1 71 73.999370 -37.359420 -44.094610 1.000000 0.000000 0.000000 0.000000 0.999948 -0.009613 0.000000 0.009619 0.999957 3673.dat
0 STEP
1 0 83.999370 -37.359420 -44.094590 0.000000 1.000000 0.000000 -0.999948 0.000000 -0.009613 -0.009619 0.000000 0.999957 18654.dat
0 STEP
1 0 83.999400 -98.208560 -116.112300 1.000000 0.000000 0.000000 0.000000 0.995802 0.091481 0.000000 -0.091476 0.995811 3711.dat
1 0 83.999420 -96.161410 -131.980800 1.000000 0.000000 0.000000 0.000000 0.991776 -0.127946 0.000000 0.127953 0.991784 3711.dat
1 0 83.999420 -83.308020 -141.508900 1.000000 -0.000001 0.000000 0.000000 0.595508 -0.803342 0.000000 0.803352 0.595510 3711.dat
1 0 83.999420 -67.337100 -140.545800 1.000000 -0.000001 0.000000 0.000000 -0.060192 -0.998182 0.000000 0.998190 -0.060198 3711.dat
1 0 83.999420 -56.724950 -128.571500 1.000000 0.000000 0.000001 0.000000 -0.748382 -0.663259 0.000001 0.663261 -0.748392 3711.dat
1 0 83.999400 -54.872350 -112.679100 1.000000 0.000000 0.000001 0.000000 -0.993269 -0.115788 0.000001 0.115783 -0.993278 3711.dat
1 0 83.999400 -54.077050 -96.698810 1.000000 0.000000 0.000001 0.000000 -0.998759 -0.049705 0.000001 0.049700 -0.998767 3711.dat
1 0 83.999390 -53.281770 -80.718560 1.000000 0.000000 0.000001 0.000000 -0.998759 -0.049705 0.000001 0.049700 -0.998768 3711.dat
1 0 83.999370 -52.486520 -64.738260 1.000000 0.000000 0.000001 0.000000 -0.998759 -0.049705 0.000001 0.049700 -0.998767 3711.dat
1 0 83.999370 -51.691240 -48.758010 1.000000 0.000000 0.000001 0.000000 -0.998759 -0.049705 0.000001 0.049700 -0.998768 3711.dat
1 0 83.999370 -50.895940 -32.777730 1.000000 0.000000 0.000001 0.000000 -0.998759 -0.049705 0.000001 0.049700 -0.998767 3711.dat
1 0 83.999360 -43.421680 -18.630750 1.000000 0.000000 0.000001 0.000000 -0.884177 -0.467140 0.000001 0.467140 -0.884187 3711.dat
1 0 83.999350 -35.947430 -4.483780 1.000000 0.000000 0.000001 0.000000 -0.884177 -0.467140 0.000001 0.467140 -0.884187 3711.dat
1 0 83.999350 -28.473180 9.663210 1.000000 0.000000 0.000001 0.000000 -0.884177 -0.467140 0.000001 0.467140 -0.884187 3711.dat
1 0 83.999330 -24.049880 25.039800 1.000000 0.000000 0.000001 0.000000 -0.961020 -0.276457 0.000001 0.276454 -0.961030 3711.dat
1 0 83.999330 -27.907340 40.567770 1.000000 0.000000 0.000001 0.000000 -0.970497 0.241091 0.000001 -0.241098 -0.970504 3711.dat
1 0 83.999340 -37.965790 53.010770 1.000000 0.000001 0.000000 0.000000 -0.777679 0.628652 0.000001 -0.628661 -0.777682 3711.dat
1 0 83.999320 -52.918040 58.705220 1.000000 0.000001 0.000000 0.000000 -0.355903 0.934517 0.000001 -0.934527 -0.355901 3711.dat
1 0 83.999340 -68.432400 54.793400 1.000000 0.000001 0.000000 0.000000 0.244478 0.969649 0.000001 -0.969656 0.244485 3711.dat
1 0 83.999340 -80.331780 44.097360 1.000000 0.000000 -0.000001 0.000000 0.668492 0.743711 0.000001 -0.743714 0.668501 3711.dat
1 0 83.999360 -84.620740 28.682770 1.000000 0.000000 -0.000001 0.000000 0.963397 0.268058 0.000001 -0.268055 0.963406 3711.dat
1 0 83.999360 -86.167760 12.757710 1.000000 0.000000 -0.000001 0.000000 0.995309 0.096690 0.000001 -0.096685 0.995318 3711.dat
1 0 83.999390 -87.714820 -3.167390 1.000000 0.000000 -0.000001 0.000000 0.995309 0.096690 0.000001 -0.096685 0.995318 3711.dat
1 0 83.999400 -89.261920 -19.092470 1.000000 0.000000 -0.000001 0.000000 0.995309 0.096690 0.000001 -0.096685 0.995318 3711.dat
1 0 83.999400 -90.808900 -35.017600 1.000000 0.000000 -0.000001 0.000000 0.995309 0.096690 0.000001 -0.096685 0.995318 3711.dat
1 0 83.999420 -92.355960 -50.942620 1.000000 0.000000 -0.000001 0.000000 0.995309 0.096690 0.000001 -0.096685 0.995318 3711.dat
1 0 83.999430 -93.902980 -66.867700 1.000000 0.000000 -0.000001 0.000000 0.995309 0.096690 0.000001 -0.096685 0.995318 3711.dat
1 0 83.999450 -95.450050 -82.792850 1.000000 0.000000 -0.000001 0.000000 0.995309 0.096690 0.000001 -0.096685 0.995318 3711.dat
1 0 83.999480 -96.997070 -98.717940 1.000000 0.000000 -0.000001 0.000000 0.995309 0.096690 0.000001 -0.096685 0.995318 3711.dat
0 STEP
1 16 25.999740 -191.702600 -172.496700 0.000000 0.000000 -1.000000 -0.890664 0.454650 0.000000 0.454650 0.890674 -0.000001 submodel group 5
0 STEP
0 STEP
1 0 23.999970 -195.060200 -237.203600 1.000000 -0.000001 0.000000 0.000000 -0.224229 -0.974535 0.000001 0.974536 -0.224229 2817.dat
0 STEP
1 0 43.999970 -197.302600 -227.458200 1.000000 0.000000 0.000000 0.000000 -0.890664 -0.454646 0.000000 0.454654 -0.890674 2780.dat
1 0 3.999940 -197.302600 -227.458300 1.000000 0.000000 0.000000 0.000000 -0.890664 -0.454646 0.000000 0.454654 -0.890674 2780.dat
0 STEP
1 72 54.000000 -188.209800 -209.644700 0.000000 0.000000 -1.000000 0.890664 -0.454646 0.000000 -0.454654 -0.890674 -0.000001 6536.dat
1 72 -6.000100 -188.209800 -209.644700 0.000000 0.000000 -1.000000 0.890664 -0.454646 0.000000 -0.454654 -0.890674 -0.000001 6536.dat
0 STEP
1 15 24.000000 -193.266800 -245.000000 0.000000 -0.000001 -1.000000 -0.974536 -0.224229 0.000000 -0.224230 0.974536 -0.000001 14769.dat
0 STEP
0 STEP
0 STEP
1 72 23.999760 -157.055900 -225.594900 0.000001 0.000000 1.000000 -0.454650 0.890664 0.000000 -0.890674 -0.454650 0.000001 32449.dat
0 STEP
1 71 -6.000220 -134.790600 -236.963600 1.000000 0.000000 0.000000 0.000000 0.454650 -0.890664 0.000001 0.890674 0.454650 59443.dat
1 71 53.999790 -134.790600 -236.963600 1.000000 0.000000 0.000000 0.000000 0.454650 -0.890664 0.000001 0.890674 0.454650 59443.dat
0 STEP
1 4 -6.000200 -99.162910 -255.147100 0.000000 -0.000001 1.000000 0.890664 0.454650 0.000000 -0.454650 0.890674 0.000001 3705.dat
1 4 53.999800 -99.162910 -255.147100 0.000000 0.000000 1.000000 0.890664 0.454650 0.000000 -0.454650 0.890674 0.000001 3705.dat
0 STEP
1 72 -6.000190 -72.442980 -268.786600 -1.000000 0.000001 0.000000 0.000000 -0.454650 -0.890664 -0.000001 -0.890674 0.454650 32126.dat
0 STEP
1 4 23.999480 -54.612720 -277.872000 1.000000 0.000000 0.000000 0.000000 0.999948 -0.009613 0.000000 0.009619 0.999957 3705.dat
0 STEP
1 71 -11.000520 -54.612740 -277.872000 0.000001 0.000000 1.000000 0.009613 0.999948 0.000000 -0.999957 0.009619 0.000001 32123a.dat
0 STEP
1 71 23.999490 -54.612740 -277.872000 0.000001 0.000000 1.000000 -0.000946 0.999994 0.000000 -1.000001 -0.000941 0.000001 56904.dat
1 256 23.999480 -54.612730 -277.872000 0.000001 0.000000 1.000000 -0.000946 0.999994 0.000000 -1.000001 -0.000941 0.000000 30699.dat
0 STEP
1 71 28.999500 -54.612720 -277.872000 0.000001 0.000000 1.000000 0.009613 0.999948 0.000000 -0.999957 0.009619 0.000001 32123a.dat
0 STEP
1 72 43.999480 -54.612720 -277.872000 0.000000 -1.000000 0.000000 0.999948 0.000000 -0.009613 0.009619 0.000000 0.999957 15535.dat
0 STEP
1 72 53.999820 -72.442960 -268.786500 1.000000 -0.000001 0.000000 0.000000 0.454650 -0.890664 0.000001 0.890674 0.454650 32126.dat
0 STEP
1 71 58.999480 -54.612720 -277.872000 0.000001 0.000000 1.000000 0.009613 0.999948 0.000000 -0.999956 0.009619 0.000001 32123a.dat
0 STEP
0 STEP
0 NOFILE
0 FILE SubModel Group 1
0 SubModel Group 1
0 Name:  SubModel Group 1
0 Author:  
0 CustomBrick
0 FlexibleBrickControlPointUnitLength -1
0 FlexibleBrickLockedControlPoint 
0 NumOfBricks:  11
1 4 -20.000000 -10.000000 10.000000 0.000000 1.000000 0.000000 -1.000000 0.000000 0.000000 0.000000 0.000000 1.000000 32524.dat
1 1 -20.000000 -10.000000 50.000020 -1.000000 0.000000 0.000000 0.000000 1.000000 0.000000 0.000000 0.000000 -1.000000 6558.dat
0 STEP
1 72 0.000000 -10.000000 -9.999980 0.000000 1.000000 0.000000 -1.000000 0.000000 0.000000 0.000000 0.000000 1.000000 32140.dat
0 STEP
1 1 0.000000 -10.000000 10.000020 -1.000000 0.000000 0.000000 0.000000 1.000000 0.000000 0.000000 0.000000 -1.000000 6558.dat
0 STEP
1 4 -20.000000 -10.000000 -30.000000 1.000000 0.000000 0.000000 0.000000 0.000000 1.000000 0.000000 -1.000000 0.000000 11214.dat
0 STEP
1 4 20.000000 -10.000000 -30.000000 1.000000 0.000000 0.000000 0.000000 0.000000 1.000000 0.000000 -1.000000 0.000000 32054.dat
0 STEP
1 4 20.000000 -10.000000 10.000000 0.000000 1.000000 0.000000 -1.000000 0.000000 0.000000 0.000000 0.000000 1.000000 32524.dat
0 STEP
1 0 -30.000000 -10.000000 -10.000000 1.000000 0.000000 0.000000 0.000000 1.000000 0.000000 0.000000 0.000000 1.000000 2780.dat
1 0 30.000000 -10.000000 -10.000000 1.000000 0.000000 0.000000 0.000000 1.000000 0.000000 0.000000 0.000000 1.000000 2780.dat
0 STEP
1 4 40.000000 -10.000000 -10.000000 0.000000 0.000000 1.000000 -1.000000 0.000000 0.000000 0.000000 -1.000000 0.000000 42003.dat
1 4 -40.000000 -10.000000 -10.000000 0.000000 0.000000 1.000000 -1.000000 0.000000 0.000000 0.000000 -1.000000 0.000000 42003.dat
0 STEP
0 NOFILE
0 FILE SubModel Group 2
0 SubModel Group 2
0 Name:  SubModel Group 2
0 Author:  
0 CustomBrick
0 FlexibleBrickControlPointUnitLength -1
0 FlexibleBrickLockedControlPoint 
0 NumOfBricks:  8
1 0 18.000000 -93.000000 -15.000000 0.000000 0.000000 -1.000000 1.000000 0.000000 0.000000 0.000000 -1.000000 0.000000 41677.dat
0 STEP
1 71 -2.000000 -93.000000 10.000000 0.000000 0.000000 1.000000 0.000000 1.000000 0.000000 -1.000000 0.000000 0.000000 4519.dat
0 STEP
1 71 -2.000000 -93.000000 0.000000 1.000000 0.000000 0.000000 0.000000 0.000000 1.000000 0.000000 -1.000000 0.000000 60483.dat
0 STEP
1 71 -2.000000 -53.000000 15.020010 1.000000 0.000000 0.000000 0.000000 0.000000 1.000000 0.000000 -1.000000 0.000000 11478.dat
0 STEP
1 71 -2.000000 -93.000000 25.000000 1.000000 0.000000 0.000000 0.000000 1.000000 0.000000 0.000000 0.000000 1.000000 32123a.dat
0 STEP
1 4 -1.999980 -12.999990 0.020020 0.000000 0.000000 1.000000 0.000000 1.000000 0.000000 -1.000000 0.000000 0.000000 32062.dat
0 STEP
1 71 -1.999980 -12.999990 5.020020 1.000000 0.000000 0.000000 0.000000 1.000000 0.000000 0.000000 0.000000 1.000000 32123a.dat
0 STEP
1 71 -2.000000 -12.999990 -9.979980 -1.000000 0.000000 0.000000 0.000000 0.000000 -1.000000 0.000000 -1.000000 0.000000 60483.dat
0 STEP
0 NOFILE
0 FILE SubModel Group 3
0 SubModel Group 3
0 Name:  SubModel Group 3
0 Author:  
0 CustomBrick
0 FlexibleBrickControlPointUnitLength -1
0 FlexibleBrickLockedControlPoint 
0 NumOfBricks:  8
1 0 -3.000000 -9.000000 -15.000000 0.000000 0.000000 1.000000 -1.000000 0.000000 0.000000 0.000000 -1.000000 0.000000 41677.dat
0 STEP
1 71 -3.000000 -9.000000 10.000000 0.000000 0.000000 1.000000 0.000000 1.000000 0.000000 -1.000000 0.000000 0.000000 4519.dat
0 STEP
1 71 -3.000000 -9.000000 0.000000 1.000000 0.000000 0.000000 0.000000 0.000000 -1.000000 0.000000 1.000000 0.000000 60483.dat
0 STEP
1 71 -3.000000 -49.000000 15.000000 1.000000 0.000000 0.000000 0.000000 0.000000 1.000000 0.000000 -1.000000 0.000000 11478.dat
0 STEP
1 71 -3.000000 -9.000000 25.000000 1.000000 0.000000 0.000000 0.000000 1.000000 0.000000 0.000000 0.000000 1.000000 32123a.dat
0 STEP
1 4 -2.999980 -88.999980 0.000000 0.000000 0.000000 1.000000 0.000000 1.000000 0.000000 -1.000000 0.000000 0.000000 32062.dat
0 STEP
1 71 -2.999980 -88.999980 5.000000 1.000000 0.000000 0.000000 0.000000 1.000000 0.000000 0.000000 0.000000 1.000000 32123a.dat
0 STEP
1 71 -2.999980 -88.999980 -10.000000 -1.000000 0.000000 0.000000 0.000000 0.000000 1.000000 0.000000 1.000000 0.000000 60483.dat
0 STEP
0 NOFILE
0 FILE SubModel Group 4
0 SubModel Group 4
0 Name:  SubModel Group 4
0 Author:  
0 CustomBrick
0 FlexibleBrickControlPointUnitLength -1
0 FlexibleBrickLockedControlPoint 
0 NumOfBricks:  6
1 71 -10.000000 -9.000950 50.000000 0.000000 0.000000 -1.000000 0.000000 -1.000000 0.000000 -1.000000 0.000000 0.000000 62462.dat
0 STEP
1 0 -10.000020 -9.000950 30.000000 0.000000 0.000000 1.000000 0.000000 1.000000 0.000000 -1.000000 0.000000 0.000000 2780.dat
0 STEP
1 71 -10.000020 -9.000950 10.000000 0.000000 0.000000 -1.000000 0.000000 -1.000000 0.000000 -1.000000 0.000000 0.000000 62462.dat
0 STEP
1 1 -10.000030 -9.000950 -10.000010 0.000000 0.000000 1.000000 0.000000 1.000000 0.000000 -1.000000 0.000000 0.000000 43093.dat
0 STEP
1 71 -10.000030 -9.000950 -40.000020 0.000000 0.000000 1.000000 0.000000 1.000000 0.000000 -1.000000 0.000000 0.000000 25214.dat
0 STEP
1 1 19.999980 -9.000950 -39.999990 -1.000000 0.000000 0.000000 0.000000 1.000000 0.000000 0.000000 0.000000 -1.000000 43093.dat
0 STEP
0 NOFILE
0 FILE SubModel Group 5
0 SubModel Group 5
0 Name:  SubModel Group 5
0 Author:  
0 CustomBrick
0 FlexibleBrickControlPointUnitLength -1
0 FlexibleBrickLockedControlPoint 
0 NumOfBricks:  9
1 72 10.000000 -31.540700 32.000000 -1.000000 0.000000 0.000000 0.000000 -1.000000 0.000000 0.000000 0.000000 1.000000 32016.dat
0 STEP
1 4 9.999980 -31.540700 1.999990 0.000000 -1.000000 0.000000 0.000000 0.000000 1.000000 -1.000000 0.000000 0.000000 32062.dat
0 STEP
1 72 9.999980 -31.540700 -28.000000 1.000000 0.000000 0.000000 0.000000 -1.000000 0.000000 0.000000 0.000000 -1.000000 32016.dat
0 STEP
1 70 -30.000000 -31.540740 32.000000 1.000000 0.000000 0.000000 0.000000 1.000000 0.000000 0.000000 0.000000 1.000000 15462.dat
1 70 -30.000020 -31.540710 -28.000000 1.000000 0.000000 0.000000 0.000000 1.000000 0.000000 0.000000 0.000000 1.000000 15462.dat
0 STEP
1 71 -5.000000 -31.500000 32.000000 0.000000 0.000000 1.000000 0.000000 1.000000 0.000000 -1.000000 0.000000 0.000000 32123a.dat
1 71 -5.000000 -31.500000 -28.000000 0.000000 0.000000 1.000000 0.000000 1.000000 0.000000 -1.000000 0.000000 0.000000 32123a.dat
0 STEP
1 0 10.000000 -16.213610 68.739230 0.000000 1.000000 0.000000 -0.382690 0.000000 -0.923877 -0.923877 0.000000 0.382690 18651.dat
1 0 9.999980 -16.213600 -64.739230 0.000000 -1.000000 0.000000 -0.382690 0.000000 -0.923877 0.923877 0.000000 -0.382690 18651.dat
0 STEP
0 NOFILE
