0 FILE 42133-1-teleskoplader.io
0 Untitled Model
0 Name:  42133-1-teleskoplader
0 Author:  inhong yoon
0 CustomBrick
0 FlexibleBrickControlPointUnitLength -1
0 FlexibleBrickLockedControlPoint 
0 NumOfBricks:  143
1 16 -0.000230 -7.982490 -31.999760 -1.000000 0.000000 0.000000 0.000000 1.000000 0.000000 0.000000 0.000000 -1.000000 submodel group 1
0 STEP
1 71 -40.000230 -37.982480 -21.999730 1.000000 0.000000 0.000000 0.000000 0.000000 -1.000000 0.000000 1.000000 0.000000 48989.dat
1 71 39.999780 -37.982490 -21.999760 1.000000 0.000000 0.000000 0.000000 0.000000 -1.000000 0.000000 1.000000 0.000000 48989.dat
0 STEP
1 19 -60.000220 -37.982480 -1.999730 -1.000000 0.000000 0.000000 0.000000 1.000000 0.000000 0.000000 0.000000 -1.000000 32556.dat
1 19 59.999780 -37.982490 -1.999770 1.000000 0.000000 0.000000 0.000000 1.000000 0.000000 0.000000 0.000000 1.000000 32556.dat
1 1 -20.000230 -27.982490 -81.999740 0.000000 0.000000 -1.000000 1.000000 0.000000 0.000000 0.000000 -1.000000 0.000000 43093.dat
0 STEP
1 15 -0.000220 -57.982500 -41.999700 0.000000 0.000000 -1.000000 0.000000 1.000000 0.000000 1.000000 0.000000 0.000000 32316.dat
0 STEP
1 1 -0.000240 -57.982490 -81.999720 -1.000000 0.000000 0.000000 0.000000 1.000000 0.000000 0.000000 0.000000 -1.000000 6558.dat
0 STEP
1 0 29.999780 -57.982480 -1.999740 0.000000 0.000000 -1.000000 0.000000 1.000000 0.000000 1.000000 0.000000 0.000000 43857.dat
1 0 -30.000230 -57.982490 -1.999730 0.000000 0.000000 -1.000000 0.000000 1.000000 0.000000 1.000000 0.000000 0.000000 43857.dat
0 STEP
1 71 19.999760 -57.982500 -221.999700 0.000000 -1.000000 0.000000 -1.000000 0.000000 0.000000 0.000000 0.000000 -1.000000 32009.dat
0 STEP
1 0 29.999940 -57.982620 -181.999700 -1.000008 0.000000 0.000000 0.000000 1.000008 0.000000 0.000000 0.000000 -1.000000 2780.dat
1 0 29.999950 -117.983000 -221.999700 -1.000008 0.000000 0.000000 0.000000 1.000008 0.000000 0.000000 0.000000 -1.000000 2780.dat
0 STEP
1 19 -0.000330 -97.982970 -221.999700 -1.000008 0.000000 0.000000 0.000000 1.000008 0.000000 0.000000 0.000000 -1.000000 32556.dat
0 STEP
1 15 -0.000330 -97.982970 -221.999700 -1.000008 0.000000 0.000000 0.000000 0.999788 0.020951 0.000000 0.020951 -0.999781 32013.dat
0 STEP
1 1 29.999760 -57.982500 -61.999740 -1.000000 0.000000 0.000000 0.000000 0.000000 1.000000 0.000000 1.000000 0.000000 43093.dat
0 STEP
1 4 -0.000230 -57.982490 -101.999700 -1.000000 0.000000 0.000000 0.000000 1.000000 0.000000 0.000000 0.000000 -1.000000 6536.dat
0 STEP
1 70 -0.000240 -37.982500 -141.999700 0.000000 0.000000 -1.000000 0.000000 1.000000 0.000000 1.000000 0.000000 0.000000 15462.dat
0 STEP
1 71 -0.000230 -50.447490 -131.999700 1.000000 0.000000 0.000000 0.000000 -1.000000 0.000000 0.000000 0.000000 -1.000000 32905.dat
0 STEP
1 4 -0.000240 -57.982500 -161.999700 -1.000000 0.000000 0.000000 0.000000 1.000000 0.000000 0.000000 0.000000 -1.000000 6536.dat
0 STEP
1 15 -0.000230 -37.982490 -201.999700 -1.000000 0.000000 0.000000 0.000000 1.000000 0.000000 0.000000 0.000000 -1.000000 18948.dat
0 STEP
1 0 -0.000240 -57.982500 -161.999700 -1.000000 0.000000 0.000000 0.000000 1.000000 0.000000 0.000000 0.000000 -1.000000 18651.dat
0 STEP
1 70 -20.000230 -57.982490 -101.999700 1.000000 0.000000 0.000000 0.000000 1.000000 0.000000 0.000000 0.000000 1.000000 15462.dat
0 STEP
1 19 9.999760 -57.982500 -121.999700 1.000000 0.000000 0.000000 0.000000 1.000000 0.000000 0.000000 0.000000 1.000000 99008.dat
0 STEP
1 72 -0.000240 -57.982500 -121.999700 0.000000 0.000000 -1.000000 0.000000 1.000000 0.000000 1.000000 0.000000 0.000000 10928.dat
0 STEP
1 15 -0.000350 -103.430300 37.945020 1.000012 0.000000 0.000000 0.000000 0.999780 -0.020951 0.000000 0.020951 0.999793 32013.dat
1 0 -0.000290 -100.706600 -92.028290 0.000000 0.000000 -1.000000 -0.020951 0.999780 0.000000 0.999780 0.020951 0.000000 3708.dat
0 STEP
0 STEP
1 16 -30.000250 -48.982500 -184.999700 -1.000000 0.000000 0.000000 0.000000 1.000000 0.000000 0.000000 0.000000 -1.000000 submodel group 2
0 STEP
1 16 29.999740 -67.982480 -71.999740 0.000000 0.000000 -1.000000 0.000000 -1.000000 0.000000 -1.000000 0.000000 0.000000 submodel group 3
0 STEP
1 71 -20.000260 -37.982490 -61.999740 0.000000 0.000000 1.000000 1.000000 0.000000 0.000000 0.000000 1.000000 0.000000 3713.dat
0 STEP
1 0 -35.000250 -77.982480 -61.999710 0.000000 1.000000 0.000000 0.000000 0.000000 1.000000 1.000000 0.000000 0.000000 6632.dat
0 STEP
1 0 -45.000240 -77.982480 -61.999710 0.000000 1.000000 0.000000 0.000000 0.000000 1.000000 1.000000 0.000000 0.000000 6632.dat
0 STEP
1 71 -50.000260 -77.982480 -61.999710 -1.000000 0.000000 0.000000 0.000000 1.000000 0.000000 0.000000 0.000000 -1.000000 4519.dat
0 STEP
1 16 -40.000240 -68.982470 -101.999800 -1.000000 0.000000 0.000000 0.000000 1.000000 0.000000 0.000000 0.000000 -1.000000 submodel group 4
0 STEP
1 16 -40.000240 -48.982490 -124.999700 -1.000000 0.000000 0.000000 0.000000 1.000000 0.000000 0.000000 0.000000 -1.000000 submodel group 5
0 STEP
1 4 -50.000260 -57.982500 -101.999800 -1.000000 0.000000 0.000000 0.000000 0.000000 -1.000000 0.000000 -1.000000 0.000000 6536.dat
0 STEP
1 71 -50.000260 -57.982520 -121.999800 0.000000 0.731354 -0.681998 1.000000 0.000000 0.000000 0.000000 -0.681998 -0.731354 4519.dat
0 STEP
1 71 -49.998150 -87.982490 -122.001700 0.681999 -0.731354 0.000000 0.000000 0.000000 -1.000000 0.731354 0.681998 0.000000 59443.dat
0 STEP
1 4 -50.000240 -107.982400 -121.999700 0.000000 0.731354 -0.681998 1.000000 0.000000 0.000000 0.000000 -0.681998 -0.731354 32062.dat
0 STEP
1 71 -49.998160 -127.982400 -122.001700 0.681999 -0.731354 0.000000 0.000000 0.000000 -1.000000 0.731354 0.681998 0.000000 59443.dat
0 STEP
1 28 -50.000260 -77.982480 -101.999800 0.000000 1.000000 0.000000 -1.000000 0.000000 0.000000 0.000000 0.000000 1.000000 60483.dat
1 28 -50.000260 -97.982490 -101.999700 0.000000 1.000000 0.000000 0.000000 0.000000 -1.000000 -1.000000 0.000000 0.000000 60483.dat
0 STEP
1 0 -35.000270 -157.982500 -101.999800 0.000000 1.000000 0.000000 1.000000 0.000000 0.000000 0.000000 0.000000 -1.000000 6632.dat
0 STEP
1 0 -50.000270 -157.982500 -121.999700 -1.000000 0.000000 0.000000 0.000000 0.000000 1.000000 0.000000 1.000000 0.000000 32184.dat
0 STEP
1 15 -50.000220 -37.982420 -121.999700 0.681999 0.000000 0.731354 0.000000 -1.000000 0.000000 0.731354 0.000000 -0.681998 60483.dat
0 STEP
1 71 -35.373160 -27.982410 -135.639700 0.000000 0.627961 0.778245 1.000000 0.000001 0.000000 -0.000001 0.778245 -0.627962 3673.dat
0 STEP
1 0 2.321960 -17.982500 -88.694370 -0.778243 0.000000 0.627963 0.000000 -1.000000 0.000000 0.627963 0.000000 0.778243 32524.dat
0 STEP
1 0 -55.000240 -37.982480 -61.999740 0.000000 1.000000 0.000000 0.000000 0.000000 -1.000000 -1.000000 0.000000 0.000000 6632.dat
0 STEP
1 0 -65.000220 -37.982490 -61.999750 0.000000 1.000000 0.000000 0.000000 0.000000 -1.000000 -1.000000 0.000000 0.000000 6632.dat
0 STEP
1 0 -65.000220 -157.982500 -101.999800 0.000000 1.000000 0.000000 1.000000 0.000000 0.000000 0.000000 0.000000 -1.000000 6632.dat
0 STEP
1 0 -65.000230 -97.982490 -101.999700 0.000000 1.000000 0.000000 1.000000 0.000000 0.000000 0.000000 0.000000 -1.000000 32056.dat
0 STEP
1 0 -75.000260 -77.982460 -101.999700 0.000000 -1.000000 0.000000 0.000000 0.000000 -1.000000 1.000000 0.000000 0.000000 32250.dat
1 0 -75.000270 -127.982500 -141.999700 0.000000 1.000000 0.000000 0.000000 0.000000 -1.000000 -1.000000 0.000000 0.000000 32449.dat
0 STEP
1 71 -50.000240 -157.982500 -121.999700 0.000000 0.731354 0.681999 -1.000000 0.000000 0.000000 0.000000 -0.681998 0.731354 4519.dat
0 STEP
1 0 -50.000240 -177.982500 -121.999700 -0.731354 0.681999 0.000000 0.000000 0.000000 1.000000 0.681998 0.731354 0.000000 32270.dat
0 STEP
1 16 -80.000260 -27.982480 -101.999700 1.000000 0.000000 0.000000 0.000000 1.000000 0.000000 0.000000 0.000000 1.000000 submodel group 6
0 STEP
1 322 -40.000240 -37.982480 -181.999700 0.000000 1.000000 0.000000 0.000000 0.000000 -1.000000 -1.000000 0.000000 0.000000 32526.dat
0 STEP
1 19 -60.000230 -37.982480 -181.999700 -1.000000 0.000000 0.000000 0.000000 1.000000 0.000000 0.000000 0.000000 -1.000000 32556.dat
0 STEP
1 322 -0.000020 -137.982400 -101.999700 0.000000 1.000000 0.000000 -1.000000 0.000000 0.000001 0.000001 0.000000 1.000000 41239.dat
0 STEP
1 322 40.000120 -37.983050 -181.999700 0.000000 1.000000 0.000000 0.000000 0.000000 -1.000000 -1.000000 0.000000 0.000000 32526.dat
0 STEP
1 19 60.000120 -37.983050 -181.999700 1.000000 0.000000 0.000000 0.000000 1.000000 0.000000 0.000000 0.000000 1.000000 32556.dat
0 STEP
1 16 -13.999730 -108.073300 -121.931200 0.000000 -1.000006 0.000000 -0.798641 0.000000 -0.601815 0.601819 0.000000 -0.798636 submodel group 7
0 STEP
1 0 35.000440 -57.982460 -81.999370 0.000000 1.000007 0.000000 0.000000 0.000000 -1.000000 -1.000007 0.000000 0.000000 32056.dat
0 STEP
1 0 44.999760 -57.982500 -81.999720 0.000000 1.000000 0.000000 0.000000 0.000000 -1.000000 -1.000000 0.000000 0.000000 32056.dat
0 STEP
1 4 -0.000240 -37.982500 -231.999800 0.000000 0.000000 1.000000 0.000000 1.000000 0.000000 -1.000000 0.000000 0.000000 32062.dat
0 STEP
1 0 -0.000240 -37.982500 -241.999800 -1.000000 0.000000 0.000000 0.000000 1.000000 0.000000 0.000000 0.000000 -1.000000 32270.dat
0 STEP
1 16 59.999720 -27.982500 -111.999800 1.000000 0.000000 0.000000 0.000000 1.000000 0.000000 0.000000 0.000000 1.000000 submodel group 8
0 STEP
1 19 0.000000 -137.982300 18.000320 -1.000000 0.000000 0.000000 0.000000 1.000000 0.000000 0.000000 0.000000 -1.000000 32556.dat
1 19 -0.000710 -103.430300 37.945020 -1.000000 0.000000 0.000000 0.000000 0.999780 0.020951 0.000000 0.020951 -0.999781 32556.dat
0 STEP
1 15 20.000000 -103.341100 38.000140 0.000000 1.000000 0.000000 -0.499996 0.000000 0.866028 0.866029 0.000000 0.499996 32316.dat
0 STEP
1 16 0.000010 -38.700000 78.000010 1.000000 0.000000 0.000000 0.000000 1.000000 0.000000 0.000000 0.000000 1.000000 submodel group 9
0 STEP
1 15 -20.000000 -103.341200 38.000140 0.000000 1.000000 0.000000 -0.499996 0.000000 0.866028 0.866028 0.000000 0.499996 32316.dat
0 STEP
1 16 0.000000 -128.799600 52.741180 1.000000 0.000000 0.000000 0.000000 0.577857 0.816138 0.000000 -0.816138 0.577857 submodel group 10
0 STEP
1 0 -0.040000 -157.668300 43.328540 1.000000 0.000000 -0.000001 0.000001 -0.382684 0.923879 0.000000 -0.923879 -0.382683 3705.dat
0 STEP
1 71 19.960020 -157.668200 43.328540 0.000000 0.000000 -1.000000 0.923879 -0.382683 0.000000 -0.382683 -0.923879 0.000000 3713.dat
1 71 -20.040000 -157.668200 43.328540 0.000000 0.000000 1.000000 -0.923880 -0.382685 0.000001 0.382684 -0.923880 0.000000 3713.dat
0 STEP
1 1 -30.000000 -120.661800 28.000210 -1.000000 -0.000001 0.000000 -0.000001 0.382683 0.923880 -0.000001 0.923880 -0.382683 43093.dat
1 1 30.000000 -120.661700 28.000220 1.000000 -0.000001 0.000000 0.000001 0.923879 0.382683 0.000000 -0.382683 0.923880 43093.dat
0 STEP
1 0 -35.000000 -120.661700 28.000220 0.000001 1.000000 0.000001 -0.382683 0.000001 -0.923879 -0.923879 0.000001 0.382683 6632.dat
1 0 34.999770 -120.704900 28.046570 0.000001 1.000000 0.000001 -0.382683 0.000001 -0.923880 -0.923880 0.000001 0.382683 6632.dat
0 STEP
1 71 -45.000000 -120.661800 28.000200 0.000000 0.000000 1.000000 -0.382683 0.923879 0.000000 -0.923880 -0.382683 0.000000 32123a.dat
1 71 45.000000 -120.661700 28.000220 0.000000 0.000000 1.000000 -0.382683 0.923879 0.000000 -0.923880 -0.382683 0.000000 32123a.dat
0 STEP
1 15 -70.000230 -37.982480 -1.999730 0.000000 0.000000 1.000000 -0.994764 0.102197 0.000000 -0.102197 -0.994764 0.000000 55981.dat
1 15 -70.000240 -37.982480 -181.999700 0.000000 0.000000 1.000000 0.000000 1.000000 0.000000 -1.000000 0.000000 0.000000 55981.dat
1 15 69.999790 -37.982500 -1.999770 0.000000 0.000000 -1.000000 0.000000 1.000000 0.000000 1.000000 0.000000 0.000000 55981.dat
1 15 70.000110 -37.983050 -181.999700 0.000000 0.000000 -1.000000 0.000000 1.000000 0.000000 1.000000 0.000000 0.000000 55981.dat
0 STEP
1 256 -70.000240 -37.982480 -1.999730 0.000000 0.000000 1.000000 0.000000 1.000000 0.000000 -1.000000 0.000000 0.000000 92402.dat
1 256 -70.000240 -37.982480 -181.999700 0.000000 0.000000 1.000000 0.000001 1.000000 0.000000 -1.000000 0.000001 0.000000 92402.dat
1 256 69.999790 -37.982500 -1.999770 0.000000 0.000000 1.000000 0.000000 1.000000 0.000000 -1.000000 0.000000 0.000000 92402.dat
1 256 70.000110 -37.983050 -181.999700 0.000000 0.000000 1.000000 0.000000 1.000000 0.000000 -1.000000 0.000000 0.000000 92402.dat
0 STEP
1 16 -0.000010 -34.000000 127.000000 1.000000 0.000000 0.000000 0.000000 1.000000 0.000000 0.000000 0.000000 1.000000 submodel group 11
0 STEP
0 STEP
0 NOFILE
0 FILE SubModel Group 1
0 SubModel Group 1
0 Name:  SubModel Group 1
0 Author:  
0 CustomBrick
0 FlexibleBrickControlPointUnitLength -1
0 FlexibleBrickLockedControlPoint 
0 NumOfBricks:  5
1 15 -0.000010 -10.000000 -30.000020 0.000000 0.000000 -1.000000 0.000000 1.000000 0.000000 1.000000 0.000000 0.000000 32316.dat
1 1 -20.000020 -30.000000 -30.000020 0.000000 0.000000 1.000000 -1.000000 0.000000 0.000000 0.000000 -1.000000 0.000000 6558.dat
1 1 19.999990 -30.000000 -30.000020 0.000000 0.000000 1.000000 -1.000000 0.000000 0.000000 0.000000 -1.000000 0.000000 6558.dat
0 STEP
1 71 -0.000010 -30.000000 9.999980 1.000000 0.000000 0.000000 0.000000 1.000000 0.000000 0.000000 0.000000 1.000000 14720.dat
0 STEP
1 0 0.000000 -50.000000 49.999980 0.000000 -1.000000 0.000000 1.000000 0.000000 0.000000 0.000000 0.000000 1.000000 15100.dat
0 STEP
0 STEP
0 NOFILE
0 FILE SubModel Group 2
0 SubModel Group 2
0 Name:  SubModel Group 2
0 Author:  
0 CustomBrick
0 FlexibleBrickControlPointUnitLength -1
0 FlexibleBrickLockedControlPoint 
0 NumOfBricks:  5
1 71 -10.000000 -9.000000 37.000000 0.000000 1.000000 0.000000 -1.000000 0.000000 0.000000 0.000000 0.000000 1.000000 32009.dat
0 STEP
1 4 10.000000 -9.000000 -123.000000 -1.000000 0.000000 0.000000 0.000000 1.000000 0.000000 0.000000 0.000000 -1.000000 11214.dat
0 STEP
1 0 0.000000 -9.000000 -3.000000 1.000000 0.000000 0.000000 0.000000 1.000000 0.000000 0.000000 0.000000 1.000000 2780.dat
1 0 -0.000020 -69.000000 37.000000 1.000000 0.000000 0.000000 0.000000 1.000000 0.000000 0.000000 0.000000 1.000000 2780.dat
0 STEP
1 71 -30.000230 -89.000010 37.000000 1.000000 0.000000 0.000000 0.000000 1.000000 0.000000 0.000000 0.000000 1.000000 4519.dat
0 STEP
0 NOFILE
0 FILE SubModel Group 3
0 SubModel Group 3
0 Name:  SubModel Group 3
0 Author:  
0 CustomBrick
0 FlexibleBrickControlPointUnitLength -1
0 FlexibleBrickLockedControlPoint 
0 NumOfBricks:  4
1 15 10.000010 -30.000000 -29.999970 0.000000 1.000000 0.000000 0.000000 0.000000 -1.000000 -1.000000 0.000000 0.000000 42003.dat
1 0 -10.000000 -30.000000 40.000020 0.000000 0.000000 1.000000 0.000000 1.000000 0.000000 -1.000000 0.000000 0.000000 3707.dat
0 STEP
1 15 -9.999990 -30.000000 -9.999990 1.000000 0.000000 0.000000 0.000000 0.000000 1.000000 0.000000 -1.000000 0.000000 60483.dat
0 STEP
1 71 -9.999990 -30.000000 10.000020 0.000000 -1.000000 0.000000 -1.000000 0.000000 0.000000 0.000000 0.000000 -1.000000 3713.dat
0 STEP
0 NOFILE
0 FILE SubModel Group 4
0 SubModel Group 4
0 Name:  SubModel Group 4
0 Author:  
0 CustomBrick
0 FlexibleBrickControlPointUnitLength -1
0 FlexibleBrickLockedControlPoint 
0 NumOfBricks:  3
1 0 -15.000000 -9.000020 0.000000 0.000000 1.000000 0.000000 0.000000 0.000000 -1.000000 -1.000000 0.000000 0.000000 32250.dat
0 STEP
1 71 10.000000 -9.000010 0.000000 1.000000 0.000000 0.000000 0.000000 1.000000 0.000000 0.000000 0.000000 1.000000 4519.dat
1 71 10.000020 -89.000010 0.000000 1.000000 0.000000 0.000000 0.000000 1.000000 0.000000 0.000000 0.000000 1.000000 4519.dat
0 STEP
0 NOFILE
0 FILE SubModel Group 5
0 SubModel Group 5
0 Name:  SubModel Group 5
0 Author:  
0 CustomBrick
0 FlexibleBrickControlPointUnitLength -1
0 FlexibleBrickLockedControlPoint 
0 NumOfBricks:  6
1 0 -5.000000 -49.000000 -23.000000 0.000000 -1.000000 0.000000 1.000000 0.000000 0.000000 0.000000 0.000000 1.000000 32056.dat
0 STEP
1 71 10.000000 -49.000000 -23.000000 1.000000 0.000000 0.000000 0.000000 1.000000 0.000000 0.000000 0.000000 1.000000 4519.dat
1 71 10.000020 -49.000000 16.999990 1.000000 0.000000 0.000000 0.000000 1.000000 0.000000 0.000000 0.000000 1.000000 4519.dat
0 STEP
1 71 10.000030 -49.000000 16.999990 0.000000 0.000000 -1.000000 0.000000 1.000000 0.000000 1.000000 0.000000 0.000000 3713.dat
0 STEP
1 0 -15.000000 -79.000000 17.000000 0.000000 1.000000 0.000000 0.000000 0.000000 1.000000 1.000000 0.000000 0.000000 32449.dat
0 STEP
1 71 10.000000 -109.000000 17.000010 1.000000 0.000000 0.000000 0.000000 1.000000 0.000000 0.000000 0.000000 1.000000 4519.dat
0 STEP
0 NOFILE
0 FILE SubModel Group 6
0 SubModel Group 6
0 Name:  SubModel Group 6
0 Author:  
0 CustomBrick
0 FlexibleBrickControlPointUnitLength -1
0 FlexibleBrickLockedControlPoint 
0 NumOfBricks:  7
1 15 0.000000 -10.000000 20.000000 1.000000 0.000000 0.000000 0.000000 0.000000 1.000000 0.000000 -1.000000 0.000000 42003.dat
1 15 0.000000 -10.000000 -20.000000 1.000000 0.000000 0.000000 0.000000 1.000000 0.000000 0.000000 0.000000 1.000000 18654.dat
0 STEP
1 0 0.000000 -20.000000 20.000000 0.000000 -1.000000 0.000000 1.000000 0.000000 0.000000 0.000000 0.000000 1.000000 2780.dat
1 0 0.000000 -20.000000 0.000000 0.000000 -1.000000 0.000000 1.000000 0.000000 0.000000 0.000000 0.000000 1.000000 2780.dat
0 STEP
1 1 0.000000 -20.000000 -20.000000 0.000000 0.000000 1.000000 -1.000000 0.000000 0.000000 0.000000 -1.000000 0.000000 43093.dat
0 STEP
1 322 0.000000 -25.000000 10.000000 1.000000 0.000000 0.000000 0.000000 1.000000 0.000000 0.000000 0.000000 1.000000 32449.dat
0 STEP
1 322 0.000000 -35.000000 10.000000 1.000000 0.000000 0.000000 0.000000 1.000000 0.000000 0.000000 0.000000 1.000000 32449.dat
0 STEP
0 NOFILE
0 FILE SubModel Group 7
0 SubModel Group 7
0 Name:  SubModel Group 7
0 Author:  
0 CustomBrick
0 FlexibleBrickControlPointUnitLength -1
0 FlexibleBrickLockedControlPoint 
0 NumOfBricks:  4
1 15 0.000000 -29.000000 0.000000 1.000000 0.000000 0.000000 0.000000 1.000000 0.000000 0.000000 0.000000 1.000000 32063.dat
0 STEP
1 71 0.000000 -24.000000 50.000000 0.000000 1.000000 0.000000 -1.000000 0.000000 0.000000 0.000000 0.000000 1.000000 3673.dat
0 STEP
1 15 0.000000 -39.000000 0.000000 1.000000 0.000000 0.000000 0.000000 1.000000 0.000000 0.000000 0.000000 1.000000 32063.dat
0 STEP
1 71 0.000000 -44.000000 -50.000000 0.000000 1.000000 0.000000 -1.000000 0.000000 0.000000 0.000000 0.000000 1.000000 3673.dat
0 STEP
0 NOFILE
0 FILE SubModel Group 8
0 SubModel Group 8
0 Name:  SubModel Group 8
0 Author:  
0 CustomBrick
0 FlexibleBrickControlPointUnitLength -1
0 FlexibleBrickLockedControlPoint 
0 NumOfBricks:  7
1 15 0.000000 -10.000000 -10.000000 1.000000 0.000000 0.000000 0.000000 1.000000 0.000000 0.000000 0.000000 1.000000 18654.dat
0 STEP
1 1 0.000000 -20.000000 -10.000000 0.000000 0.000000 1.000000 -1.000000 0.000000 0.000000 0.000000 -1.000000 0.000000 43093.dat
0 STEP
1 322 0.000000 -25.000000 20.000000 1.000000 0.000000 0.000000 0.000000 1.000000 0.000000 0.000000 0.000000 1.000000 32449.dat
0 STEP
1 322 0.000000 -35.000000 20.000000 1.000000 0.000000 0.000000 0.000000 1.000000 0.000000 0.000000 0.000000 1.000000 32449.dat
0 STEP
1 1 0.000000 -30.000000 10.000000 0.000000 -1.000000 0.000000 1.000000 0.000000 0.000000 0.000000 0.000000 1.000000 6558.dat
1 1 0.000000 -30.000000 30.000000 0.000000 -1.000000 0.000000 1.000000 0.000000 0.000000 0.000000 0.000000 1.000000 6558.dat
0 STEP
1 15 0.000000 -50.000020 -30.000000 1.000000 0.000000 0.000000 0.000000 1.000000 0.000000 0.000000 0.000000 1.000000 11947.dat
0 STEP
0 NOFILE
0 FILE SubModel Group 9
0 SubModel Group 9
0 Name:  SubModel Group 9
0 Author:  
0 CustomBrick
0 FlexibleBrickControlPointUnitLength -1
0 FlexibleBrickLockedControlPoint 
0 NumOfBricks:  13
1 0 40.000000 -10.000000 40.000000 0.000000 -1.000000 0.000000 1.000000 0.000000 0.000000 0.000000 0.000000 1.000000 32316.dat
1 0 30.000000 -10.000000 20.000000 1.000000 0.000000 0.000000 0.000000 1.000000 0.000000 0.000000 0.000000 1.000000 2780.dat
1 0 30.000000 -10.000000 0.000000 1.000000 0.000000 0.000000 0.000000 1.000000 0.000000 0.000000 0.000000 1.000000 2780.dat
0 STEP
1 0 20.000000 -70.000000 -0.000010 0.000000 1.000000 0.000000 0.000000 0.000000 1.000000 1.000000 0.000000 0.000000 32140.dat
0 STEP
1 71 0.000000 -70.000000 0.000000 1.000000 0.000000 0.000000 0.000000 1.000000 0.000000 0.000000 0.000000 1.000000 4519.dat
0 STEP
1 1 0.000000 -30.000000 -0.000010 -1.000000 0.000000 0.000000 0.000000 1.000000 0.000000 0.000000 0.000000 -1.000000 6558.dat
1 1 0.000000 -50.000000 -0.000020 -1.000000 0.000000 0.000000 0.000000 1.000000 0.000000 0.000000 0.000000 -1.000000 6558.dat
0 STEP
1 0 0.000000 -30.000000 -40.000020 0.000000 -1.000000 0.000000 1.000000 0.000000 0.000000 0.000000 0.000000 1.000000 60484.dat
0 STEP
1 1 0.000000 -29.999990 -20.000020 1.000000 0.000000 0.000000 0.000000 1.000000 0.000000 0.000000 0.000000 1.000000 6558.dat
0 STEP
1 0 -20.000020 -70.000000 0.000000 0.000000 1.000000 0.000000 0.000000 0.000000 1.000000 1.000000 0.000000 0.000000 32140.dat
0 STEP
1 0 -30.000020 -10.000000 20.000000 1.000000 0.000000 0.000000 0.000000 1.000000 0.000000 0.000000 0.000000 1.000000 2780.dat
1 0 -30.000020 -10.000000 0.000000 1.000000 0.000000 0.000000 0.000000 1.000000 0.000000 0.000000 0.000000 1.000000 2780.dat
0 STEP
1 0 -40.000020 -10.000000 40.000000 0.000000 -1.000000 0.000000 1.000000 0.000000 0.000000 0.000000 0.000000 1.000000 32316.dat
0 STEP
0 NOFILE
0 FILE SubModel Group 10
0 SubModel Group 10
0 Name:  SubModel Group 10
0 Author:  
0 CustomBrick
0 FlexibleBrickControlPointUnitLength -1
0 FlexibleBrickLockedControlPoint 
0 NumOfBricks:  6
1 15 15.000000 -9.000000 -9.000000 0.000000 -1.000000 0.000000 1.000000 0.000000 0.000000 0.000000 0.000000 1.000000 41677.dat
0 STEP
1 4 0.000000 -9.000000 11.000000 1.000000 0.000000 0.000000 0.000000 1.000000 0.000000 0.000000 0.000000 1.000000 32062.dat
1 4 0.000000 -9.000000 -9.000000 1.000000 0.000000 0.000000 0.000000 1.000000 0.000000 0.000000 0.000000 1.000000 32062.dat
0 STEP
1 15 0.000000 -9.000000 11.000000 0.000000 1.000000 0.000000 -1.000000 0.000000 0.000000 0.000000 0.000000 1.000000 60483.dat
1 15 0.000000 -9.000000 -9.000000 0.000000 -1.000000 0.000000 -1.000000 0.000000 0.000000 0.000000 0.000000 -1.000000 60483.dat
0 STEP
1 15 -15.000000 -9.000000 -9.000000 0.000000 -1.000000 0.000000 1.000000 0.000000 0.000000 0.000000 0.000000 1.000000 41677.dat
0 STEP
0 NOFILE
0 FILE SubModel Group 11
0 SubModel Group 11
0 Name:  SubModel Group 11
0 Author:  
0 CustomBrick
0 FlexibleBrickControlPointUnitLength -1
0 FlexibleBrickLockedControlPoint 
0 NumOfBricks:  3
1 19 70.000020 -24.000000 0.000020 0.000000 0.000000 1.000000 0.000000 1.000000 0.000000 -1.000000 0.000000 0.000000 3701.dat
1 19 -69.999980 -24.000000 0.000020 0.000000 0.000000 1.000000 0.000000 1.000000 0.000000 -1.000000 0.000000 0.000000 3701.dat
0 STEP
1 19 0.000020 -32.000000 0.000020 1.000000 0.000000 0.000000 0.000000 1.000000 0.000000 0.000000 0.000000 1.000000 3035.dat
0 STEP
0 NOFILE
