0 FILE 42147-2-alt-build-greifbagger.io
0 Untitled Model
0 Name:  42147-2-alt-build-greifbagger
0 Author:  inhong yoon
0 CustomBrick
0 FlexibleBrickControlPointUnitLength -1
0 FlexibleBrickLockedControlPoint 
1 72 95.000240 -239.168200 18.746280 0.000000 1.000000 0.000000 -0.906308 0.000000 0.422616 0.422616 0.000000 0.906309 32449.dat
0 STEP
1 0 90.000240 -234.942000 27.809300 -1.000000 0.000000 0.000000 0.000000 -0.422616 -0.906308 0.000000 -0.906309 0.422616 2780.dat
0 STEP
1 72 105.000200 -226.489700 45.935520 0.000000 -1.000000 0.000000 -0.422616 0.000000 0.906308 -0.906309 0.000000 -0.422616 32056.dat
0 STEP
1 72 85.000240 -239.168200 18.746280 0.000000 1.000000 0.000000 -0.906308 0.000000 0.422616 0.422616 0.000000 0.906309 32449.dat
0 STEP
1 71 90.000240 -190.237400 29.030920 -1.000000 0.000000 0.000000 0.000000 -0.906308 0.422616 0.000000 0.422616 0.906309 4519.dat
0 STEP
1 72 90.000240 -208.363600 37.483190 -1.000000 0.000000 0.000000 0.000000 -0.422616 -0.906308 0.000000 -0.906309 0.422616 32039.dat
0 STEP
1 72 75.000260 -226.489700 45.935520 0.000000 -1.000000 0.000000 -0.422616 0.000000 0.906308 -0.906309 0.000000 -0.422616 32056.dat
0 STEP
1 71 90.000240 -243.394300 9.683200 -1.000000 0.000000 0.000000 0.000000 -0.906308 0.422616 0.000000 0.422616 0.906309 4519.dat
1 71 90.000240 -251.846700 -8.442890 -1.000000 0.000000 0.000000 0.000000 -0.906308 0.422616 0.000000 0.422616 0.906309 4519.dat
0 STEP
1 72 115.000300 -207.142000 -7.221400 0.000000 -1.000000 0.000000 0.422616 0.000000 -0.906308 0.906309 0.000000 0.422616 32056.dat
1 72 65.000240 -207.142000 -7.221400 0.000000 -1.000000 0.000000 0.422616 0.000000 -0.906308 0.906309 0.000000 0.422616 32056.dat
0 STEP
1 0 110.000200 -251.846700 -8.442890 0.000000 -1.000000 0.000000 -0.422616 0.000000 0.906308 -0.906309 0.000000 -0.422616 60483.dat
0 STEP
1 71 100.000200 -233.720500 -16.895220 -1.000000 0.000000 0.000000 0.000000 -0.906308 0.422616 0.000000 0.422616 0.906309 3673.dat
0 STEP
1 0 70.000230 -251.846700 -8.442890 0.000000 -1.000000 0.000000 -0.906308 0.000000 -0.422616 0.422616 0.000000 -0.906309 60483.dat
0 STEP
1 71 80.000240 -260.299000 -26.569080 -1.000000 0.000000 0.000000 0.000000 -0.906308 0.422616 0.000000 0.422616 0.906309 3673.dat
0 STEP
1 72 90.000240 -257.506900 -106.520400 0.000000 -1.000000 0.000000 0.999390 0.000000 -0.034902 0.034901 0.000000 0.999391 40490.dat
0 STEP
1 1 90.000240 -256.808900 -126.508200 1.000000 0.000000 0.000000 0.000000 -0.999390 0.034902 0.000000 -0.034901 -0.999391 6558.dat
0 STEP
1 0 100.000200 -254.714800 -186.471700 -1.000000 0.000000 0.000000 0.000000 0.034902 -0.999390 0.000000 -0.999391 -0.034901 2780.dat
0 STEP
1 272 90.000260 -233.720300 -116.895200 0.000000 -1.000000 0.000000 1.000000 0.000000 -0.000003 0.000002 0.000000 1.000000 32525.dat
0 STEP
1 72 70.000230 -230.043600 -156.233900 0.000000 1.000000 0.000000 -0.743143 0.000000 -0.669132 -0.669132 0.000000 0.743144 32316.dat
0 STEP
1 1 90.000240 -216.660900 -171.096700 1.000000 0.000000 0.000000 0.000000 -0.743143 0.669132 0.000000 -0.669132 -0.743144 6558.dat
1 1 90.000230 -203.278300 -185.959700 1.000000 0.000000 0.000000 0.000000 -0.743143 0.669132 0.000000 -0.669132 -0.743144 6558.dat
0 STEP
1 72 90.000030 -163.130600 -230.548300 0.000000 -1.000000 0.000000 0.743144 0.000000 -0.669132 0.669132 0.000000 0.743144 40490.dat
0 STEP
1 72 110.000200 -230.043500 -156.234000 0.000000 1.000000 0.000000 -0.743143 0.000000 -0.669132 -0.669132 0.000000 0.743144 32316.dat
0 STEP
1 0 100.000200 -149.747700 -245.411300 -1.000000 0.000000 0.000000 0.000000 0.669132 -0.743143 0.000000 -0.743144 -0.669132 2780.dat
0 STEP
1 272 110.000200 -202.390500 -215.834700 0.000001 1.000000 -0.000001 -0.489381 0.000000 -0.872070 -0.872070 0.000001 0.489381 32524.dat
0 STEP
1 0 100.000200 -202.390500 -215.834700 -1.000000 0.000001 0.000000 0.000001 0.872069 -0.489381 0.000000 -0.489381 -0.872069 2780.dat
0 STEP
1 16 90.000240 -236.957400 -277.366200 -1.000000 0.000000 0.000000 0.000000 -0.927185 0.374602 0.000000 0.374603 0.927185 submodel group 1
0 STEP
1 1 80.000230 -233.720000 -216.895300 -1.000000 0.000000 0.000000 0.000000 -0.913544 -0.406738 0.000000 -0.406738 0.913544 43093.dat
0 STEP
1 71 70.000230 -233.720100 -216.895300 0.000000 1.000000 0.000000 0.913543 0.000000 0.406738 0.406738 0.000000 -0.913544 61408.dat
0 STEP
1 0 90.000030 -69.600000 -309.999900 0.000000 0.000000 1.000000 1.000000 0.000000 0.000000 0.000000 1.000000 0.000000 42003.dat
0 STEP
1 1 90.000030 -69.600000 -289.999900 1.000000 0.000000 0.000000 0.000000 1.000000 0.000000 0.000001 0.000000 1.000000 6558.dat
1 1 90.000060 -69.600000 -309.999900 1.000000 0.000000 0.000000 0.000000 1.000000 0.000000 0.000001 0.000000 1.000000 6558.dat
0 STEP
1 191 110.000200 -129.599900 -289.999900 0.000000 -1.000000 0.000000 0.000000 0.000000 1.000000 -1.000000 0.000000 0.000000 32140.dat
0 STEP
1 1 90.000030 -89.599990 -289.999900 -1.000000 0.000000 0.000001 0.000000 1.000000 0.000000 -0.000001 0.000000 -1.000000 6558.dat
0 STEP
1 72 90.000030 -89.599990 -329.999900 0.000000 -1.000000 0.000000 -1.000000 0.000000 0.000000 0.000000 0.000000 -1.000000 40490.dat
0 STEP
1 19 90.000030 -109.600000 -289.999900 -1.000000 0.000000 0.000000 0.000000 1.000000 0.000000 0.000000 0.000000 -1.000000 32556.dat
1 19 70.000020 -89.599990 -389.999900 -1.000000 0.000000 0.000000 0.000000 1.000000 0.000000 0.000000 0.000000 -1.000000 32556.dat
0 STEP
1 1 120.000100 -129.599900 -289.999900 -1.000000 0.000000 0.000000 0.000000 0.000000 1.000000 0.000000 1.000000 0.000000 43093.dat
0 STEP
1 1 100.000000 -136.365300 -260.274100 1.000000 0.000000 0.000000 0.000000 0.438371 0.898794 0.000000 -0.898794 0.438371 43093.dat
0 STEP
1 0 110.000000 -136.365300 -260.274100 0.000000 -1.000000 0.000000 0.438371 0.000000 0.898794 -0.898794 0.000000 0.438371 60483.dat
0 STEP
1 0 120.000000 -118.389400 -251.506700 1.000000 0.000001 0.000000 0.000000 -0.438371 -0.898794 -0.000001 0.898794 -0.438371 2780.dat
0 STEP
1 1 90.000030 -89.599990 -309.999900 -1.000000 0.000000 0.000000 0.000000 1.000000 0.000000 0.000000 0.000000 -1.000000 6558.dat
0 STEP
1 0 100.000000 -89.600000 -369.999900 1.000000 0.000000 0.000000 0.000000 1.000000 0.000000 0.000000 0.000000 1.000000 2780.dat
0 STEP
1 72 110.000000 -89.600000 -349.999900 0.000000 1.000000 0.000000 -1.000000 0.000000 0.000000 0.000000 0.000000 1.000000 32316.dat
0 STEP
1 191 70.000040 -129.600000 -289.999900 0.000000 -1.000000 0.000000 0.000000 0.000000 1.000000 -1.000000 0.000000 0.000000 32140.dat
0 STEP
1 191 70.000030 -109.600000 -309.999900 0.000000 -1.000000 0.000000 0.000000 0.000000 1.000000 -1.000000 0.000000 0.000000 32523.dat
0 STEP
1 1 70.000040 -129.600000 -309.999900 -1.000000 0.000000 0.000000 0.000000 0.000000 1.000000 0.000000 1.000000 0.000000 6558.dat
0 STEP
1 191 50.000040 -89.599990 -310.000000 0.000000 1.000000 0.000000 1.000000 0.000000 0.000000 0.000000 0.000000 -1.000000 32316.dat
0 STEP
1 1 70.000080 -89.600040 -350.000000 1.000005 0.000000 0.000000 0.000000 1.000009 0.000000 0.000000 0.000000 1.000000 6558.dat
1 1 70.000080 -89.600040 -269.999800 1.000005 0.000000 0.000000 0.000000 1.000009 0.000000 0.000000 0.000000 1.000000 6558.dat
0 STEP
1 72 70.000080 -89.600040 -350.000000 0.000000 1.000006 0.000000 1.000009 0.000000 0.000000 0.000000 0.000000 -1.000000 18654.dat
1 72 70.000080 -89.600040 -269.999800 0.000000 1.000005 0.000000 1.000009 0.000000 0.000000 0.000000 0.000000 -1.000000 18654.dat
0 STEP
1 16 63.666680 -80.599980 -389.999900 1.000000 0.000000 0.000000 0.000000 1.000000 0.000000 0.000000 0.000000 1.000000 submodel group 2
0 STEP
1 72 50.000020 -99.599990 -369.999900 0.000000 0.000000 1.000000 -1.000000 0.000000 0.000000 0.000000 -1.000000 0.000000 32291.dat
0 STEP
1 16 60.000040 -120.600000 -349.999900 1.000000 0.000000 0.000000 0.000000 1.000000 0.000000 0.000000 0.000000 1.000000 submodel group 3
0 STEP
1 16 100.000100 -120.600000 -349.999900 -1.000000 0.000000 0.000000 0.000000 1.000000 0.000000 0.000000 0.000000 -1.000000 submodel group 4
0 STEP
1 16 114.500100 -80.600000 -325.498300 1.000000 0.000000 0.000000 0.000000 1.000000 0.000000 0.000000 0.000000 1.000000 submodel group 5
0 STEP
1 191 108.000000 -129.600000 -349.999900 0.000000 -1.000000 0.000000 0.000000 0.000000 1.000000 -1.000000 0.000000 0.000000 3623.dat
0 STEP
1 16 123.666800 -99.599990 -383.664600 1.000000 0.000000 0.000000 0.000000 1.000000 0.000000 0.000000 0.000000 1.000000 submodel group 6
0 STEP
1 71 90.000030 -89.599990 -409.999900 1.000000 0.000000 0.000000 0.000000 1.000000 0.000000 0.000000 0.000000 1.000000 4519.dat
0 STEP
1 71 50.000020 -89.599990 -409.999900 0.000000 0.000000 -1.000000 1.000000 0.000000 0.000000 0.000000 -1.000000 0.000000 32013.dat
0 STEP
1 0 50.000020 -99.599990 -409.999900 0.000000 0.000000 1.000000 -1.000000 0.000000 0.000000 0.000000 -1.000000 0.000000 2780.dat
0 STEP
1 71 130.000000 -89.599990 -409.999900 0.000000 0.000000 1.000000 1.000000 0.000000 0.000000 0.000000 1.000000 0.000000 32013.dat
0 STEP
1 0 130.000000 -99.599990 -409.999900 0.000000 0.000000 1.000000 -1.000000 0.000000 0.000000 0.000000 -1.000000 0.000000 2780.dat
0 STEP
1 16 130.000100 -129.217700 -321.318500 0.000000 0.000000 -1.000000 0.275637 0.961262 0.000000 0.961262 -0.275637 0.000000 submodel group 7
0 STEP
1 16 147.750100 -79.600000 -349.747800 1.000000 0.000000 0.000000 0.000000 1.000000 0.000000 0.000000 0.000000 1.000000 submodel group 8
0 STEP
1 16 30.000050 -79.600000 -349.950000 1.000000 0.000000 0.000000 0.000000 1.000000 0.000000 0.000000 0.000000 1.000000 submodel group 9
0 STEP
1 16 90.000060 -99.599990 -410.400000 0.000000 0.000000 -1.000000 0.000000 1.000000 0.000000 1.000000 0.000000 0.000000 submodel group 10
0 STEP
1 16 47.555350 -79.600000 -267.888700 0.000000 0.000000 1.000000 0.000000 1.000000 0.000000 -1.000000 0.000000 0.000000 submodel group 12
0 STEP
1 191 10.000000 -89.600000 -289.999800 0.000000 -1.000000 0.000000 1.000000 0.000000 0.000000 0.000000 0.000000 1.000000 32523.dat
0 STEP
1 16 20.000020 -159.600000 -253.555400 1.000000 0.000000 0.000000 0.000000 1.000000 0.000000 0.000000 0.000000 1.000000 submodel group 13
0 STEP
1 0 5.000020 -129.600000 -249.999800 0.000000 -1.000000 0.000000 -1.000000 0.000000 0.000000 0.000000 0.000000 -1.000000 99773.dat
0 STEP
1 272 90.000030 -49.600000 -329.999900 -1.000000 0.000000 0.000000 0.000000 1.000000 0.000000 0.000000 0.000000 -1.000001 32525.dat
1 0 90.000030 -39.600000 -410.000000 0.000000 0.000000 1.000000 -1.000000 0.000000 0.000000 0.000000 -1.000000 0.000000 2780.dat
1 0 90.000030 -39.600000 -369.999800 0.000000 0.000000 1.000001 -1.000000 0.000000 0.000000 0.000000 -1.000001 0.000000 2780.dat
1 0 90.000030 -39.600000 -289.999800 0.000000 0.000000 1.000001 -1.000000 0.000000 0.000000 0.000000 -1.000001 0.000000 2780.dat
1 0 90.000060 -39.600000 -249.999800 0.000000 0.000000 1.000001 -1.000000 0.000000 0.000000 0.000000 -1.000001 0.000000 2780.dat
0 STEP
1 0 90.000030 -29.600000 -370.000000 -1.000000 0.000000 0.000000 0.000000 1.000000 0.000000 0.000000 0.000000 -1.000000 60484.dat
1 0 90.000060 -29.600000 -289.999800 1.000000 0.000000 0.000000 0.000000 1.000000 0.000000 0.000000 0.000000 1.000000 60484.dat
0 STEP
1 0 110.000000 -39.600000 -410.000000 0.000000 0.000000 1.000000 -1.000000 0.000000 0.000000 0.000000 -1.000000 0.000000 2780.dat
1 0 70.000020 -39.600000 -410.000000 0.000000 0.000000 1.000000 -1.000000 0.000000 0.000000 0.000000 -1.000000 0.000000 2780.dat
1 0 110.000000 -39.600000 -249.999800 0.000000 0.000000 1.000000 -1.000000 0.000000 0.000000 0.000000 -1.000000 0.000000 2780.dat
1 0 70.000020 -39.600000 -249.999800 0.000000 0.000000 1.000000 -1.000000 0.000000 0.000000 0.000000 -1.000000 0.000000 2780.dat
0 STEP
1 1 90.000030 -59.600000 -329.999900 0.000000 0.000000 -1.000000 -1.000000 0.000000 0.000000 0.000000 1.000000 0.000000 43093.dat
0 STEP
1 272 150.000000 -29.600010 -330.000000 0.000000 1.000000 0.000000 1.000000 0.000000 0.000000 0.000000 0.000000 -1.000000 62531.dat
1 272 30.000020 -29.600000 -330.000000 0.000000 -1.000000 0.000000 1.000000 0.000000 0.000000 0.000000 0.000000 1.000000 62531.dat
0 STEP
1 71 30.000060 -29.600000 -440.000000 0.000000 1.000000 0.000000 0.000000 0.000000 -1.000000 -1.000000 0.000000 0.000000 4274.dat
1 71 150.000000 -29.600010 -440.000000 0.000000 1.000000 0.000000 0.000000 0.000000 -1.000000 -1.000000 0.000000 0.000000 4274.dat
0 STEP
1 36 30.000060 -29.600000 -448.000000 -1.000000 0.000000 0.000000 0.000000 0.000000 1.000000 0.000000 1.000000 0.000000 98138.dat
1 36 150.000000 -29.600010 -448.000000 -1.000000 0.000000 0.000000 0.000000 0.000000 1.000000 0.000000 1.000000 0.000000 98138.dat
0 STEP
1 71 150.000000 -29.600010 -220.000000 0.000000 1.000000 0.000000 0.000000 0.000000 1.000000 1.000000 0.000000 0.000000 4274.dat
1 71 30.000000 -29.600010 -219.999900 0.000000 1.000000 0.000000 0.000000 0.000000 1.000000 1.000000 0.000000 0.000000 4274.dat
0 STEP
1 47 150.000000 -29.600010 -212.000000 -1.000000 0.000000 0.000000 0.000000 0.000000 -1.000000 0.000000 -1.000000 0.000000 98138.dat
1 47 30.000000 -29.600010 -211.999900 -1.000000 0.000000 0.000000 0.000000 0.000000 -1.000000 0.000000 -1.000000 0.000000 98138.dat
0 STEP
1 71 20.000000 -29.600000 -250.000000 1.000000 0.000000 0.000000 0.000000 1.000000 0.000000 0.000000 0.000000 1.000000 3673.dat
1 71 20.000040 -29.600000 -410.000000 1.000000 0.000000 0.000000 0.000000 1.000000 0.000000 0.000000 0.000000 1.000000 3673.dat
1 71 160.000000 -29.600000 -250.000000 1.000000 0.000000 0.000000 0.000000 1.000000 0.000000 0.000000 0.000000 1.000000 3673.dat
1 71 160.000000 -29.600000 -410.000000 1.000000 0.000000 0.000000 0.000000 1.000000 0.000000 0.000000 0.000000 1.000000 3673.dat
0 STEP
1 71 170.000100 -29.600000 -410.000000 0.000000 0.000000 -1.000000 0.000000 1.000000 0.000000 1.000000 0.000000 0.000000 13971.dat
1 71 170.000000 -29.600000 -250.000000 0.000000 0.000000 -1.000000 0.000000 1.000000 0.000000 1.000000 0.000000 0.000000 13971.dat
1 71 10.000000 -29.600000 -250.000000 0.000001 0.000000 1.000000 0.000000 1.000000 0.000000 -1.000000 0.000000 0.000001 13971.dat
1 71 10.000040 -29.600000 -410.000000 0.000001 0.000000 1.000000 0.000000 1.000000 0.000000 -1.000000 0.000000 0.000001 13971.dat
0 STEP
1 256 10.000000 -29.600000 -250.000000 -0.000001 0.000000 1.000000 0.000000 -1.000000 0.000000 1.000000 0.000000 0.000001 61254.dat
1 256 10.000040 -29.600000 -410.000000 -0.000001 0.000000 1.000000 0.000000 -1.000001 0.000000 1.000000 0.000000 0.000000 61254.dat
1 256 170.000000 -29.600000 -250.000000 0.000000 0.000000 1.000001 0.000000 1.000000 0.000000 -1.000001 0.000000 0.000000 61254.dat
1 256 170.000100 -29.600000 -410.000000 0.000000 0.000000 1.000000 0.000000 1.000000 0.000000 -1.000000 0.000000 0.000000 61254.dat
0 STEP
0 NOFILE
0 FILE SubModel Group 1
0 SubModel Group 1
0 Name:  SubModel Group 1
0 Author:  
0 CustomBrick
0 FlexibleBrickControlPointUnitLength -1
0 FlexibleBrickLockedControlPoint 
0 NumOfBricks:  4
1 72 0.000000 -9.000000 30.000000 -1.000000 0.000000 0.000000 0.000000 -1.000000 0.000000 0.000000 0.000000 1.000000 32034.dat
0 STEP
1 0 0.000000 -9.000010 -10.000000 0.000000 1.000000 0.000000 0.000000 0.000000 1.000000 1.000000 0.000000 0.000000 18651.dat
0 STEP
1 72 0.000000 -9.000000 -30.000030 1.000000 0.000000 0.000000 0.000000 0.000000 1.000000 0.000000 -1.000000 0.000000 18654.dat
0 STEP
1 0 0.000000 -9.000000 70.000000 0.000000 1.000000 0.000000 0.000000 0.000000 -1.000000 -1.000000 0.000000 0.000000 22961.dat
0 STEP
0 NOFILE
0 FILE SubModel Group 2
0 SubModel Group 2
0 Name:  SubModel Group 2
0 Author:  
0 CustomBrick
0 FlexibleBrickControlPointUnitLength -1
0 FlexibleBrickLockedControlPoint 
0 NumOfBricks:  3
1 191 6.333330 -29.000000 0.000000 0.000000 -1.000000 0.000000 0.000000 0.000000 1.000000 -1.000000 0.000000 0.000000 32523.dat
0 STEP
1 0 -3.666670 -29.000000 -0.000020 1.000000 0.000000 0.000000 0.000000 0.000000 -1.000000 0.000000 1.000000 0.000000 2780.dat
0 STEP
1 1 6.333330 -49.000000 0.000000 -1.000000 0.000000 0.000000 0.000000 1.000000 0.000000 0.000000 0.000000 -1.000000 6558.dat
0 STEP
0 NOFILE
0 FILE SubModel Group 3
0 SubModel Group 3
0 Name:  SubModel Group 3
0 Author:  
0 CustomBrick
0 FlexibleBrickControlPointUnitLength -1
0 FlexibleBrickLockedControlPoint 
0 NumOfBricks:  4
1 191 -10.000000 -9.000000 0.000000 0.000000 -1.000000 0.000000 1.000000 0.000000 0.000000 0.000000 0.000000 1.000000 32316.dat
0 STEP
1 0 0.000000 -9.000000 19.999980 1.000000 0.000000 0.000000 0.000000 0.000000 -1.000000 0.000000 1.000000 0.000000 2780.dat
1 0 0.000000 -9.000000 -20.000000 1.000000 0.000000 0.000000 0.000000 0.000000 -1.000000 0.000000 1.000000 0.000000 2780.dat
0 STEP
1 191 10.000000 -9.000000 -0.000020 0.000000 1.000000 0.000000 -1.000000 0.000000 0.000000 0.000000 0.000000 1.000000 32523.dat
0 STEP
0 NOFILE
0 FILE SubModel Group 4
0 SubModel Group 4
0 Name:  SubModel Group 4
0 Author:  
0 CustomBrick
0 FlexibleBrickControlPointUnitLength -1
0 FlexibleBrickLockedControlPoint 
0 NumOfBricks:  2
1 191 10.000000 -9.000000 0.000000 0.000000 -1.000000 0.000000 1.000000 0.000000 0.000000 0.000000 0.000000 1.000000 32316.dat
0 STEP
1 4 0.000000 -9.000000 0.000000 -1.000000 0.000000 0.000000 0.000000 0.000000 1.000000 0.000000 1.000000 0.000000 89678.dat
0 STEP
0 NOFILE
0 FILE SubModel Group 5
0 SubModel Group 5
0 Name:  SubModel Group 5
0 Author:  
0 CustomBrick
0 FlexibleBrickControlPointUnitLength -1
0 FlexibleBrickLockedControlPoint 
0 NumOfBricks:  8
1 71 15.500000 -29.000000 -4.499600 0.000000 0.000000 1.000000 0.000000 1.000000 0.000000 -1.000000 0.000000 0.000000 63869.dat
0 STEP
1 0 5.500020 -9.000000 -24.501590 1.000004 0.000000 0.000000 0.000000 0.000000 1.000000 0.000000 -1.000004 0.000000 2780.dat
1 0 5.500000 -9.000000 -4.499600 1.000000 0.000000 0.000000 0.000000 0.000000 1.000000 0.000000 -1.000000 0.000000 2780.dat
0 STEP
1 14 15.500020 -29.000000 -24.499660 0.000000 0.000000 1.000000 0.000000 1.000000 0.000000 -1.000000 0.000000 0.000000 32073.dat
0 STEP
1 72 15.500020 -29.000000 15.500340 0.000000 -1.000000 0.000000 0.000000 0.000000 1.000000 -1.000000 0.000000 0.000000 6536.dat
0 STEP
1 4 -4.500000 -39.000000 15.500340 0.000000 1.000000 0.000000 -1.000000 0.000000 0.000000 0.000000 0.000000 1.000000 89678.dat
0 STEP
1 191 -4.499980 -39.000000 15.500300 0.000000 0.000000 -1.000000 0.000000 1.000000 0.000000 1.000000 0.000000 0.000000 54200.dat
0 STEP
1 71 15.500030 -29.000000 -24.499660 -1.000000 0.000000 0.000000 0.000000 1.000000 0.000000 0.000000 0.000000 -1.000000 3713.dat
0 STEP
0 NOFILE
0 FILE SubModel Group 6
0 SubModel Group 6
0 Name:  SubModel Group 6
0 Author:  
0 CustomBrick
0 FlexibleBrickControlPointUnitLength -1
0 FlexibleBrickLockedControlPoint 
0 NumOfBricks:  3
1 72 6.333330 -10.000000 3.666660 0.000000 -1.000000 0.000000 0.000000 0.000000 1.000000 -1.000000 0.000000 0.000000 32291.dat
0 STEP
1 4 -13.666670 -20.000000 -6.333340 0.000000 1.000000 0.000000 -1.000000 0.000000 0.000000 0.000000 0.000000 1.000000 89678.dat
0 STEP
1 191 -13.666660 -20.000000 -6.333340 0.000000 0.000000 -1.000000 0.000000 1.000000 0.000000 1.000000 0.000000 0.000000 54200.dat
0 STEP
0 NOFILE
0 FILE SubModel Group 7
0 SubModel Group 7
0 Name:  SubModel Group 7
0 Author:  
0 CustomBrick
0 FlexibleBrickControlPointUnitLength -1
0 FlexibleBrickLockedControlPoint 
0 NumOfBricks:  4
1 72 30.000000 -9.000010 0.000000 0.000000 0.000000 1.000000 0.000000 -1.000000 0.000000 1.000000 0.000000 0.000000 32034.dat
1 0 70.000000 -9.000010 0.000000 -1.000000 0.000000 0.000000 0.000000 0.000000 1.000000 0.000000 1.000000 0.000000 22961.dat
0 STEP
1 0 -10.000010 -9.000000 0.000000 1.000000 0.000000 0.000000 0.000000 1.000000 0.000000 0.000000 0.000000 1.000000 18651.dat
0 STEP
1 72 -30.000010 -9.000000 0.000000 0.000000 -1.000000 0.000000 1.000000 0.000000 0.000000 0.000000 0.000000 1.000000 18654.dat
0 STEP
0 NOFILE
0 FILE SubModel Group 8
0 SubModel Group 8
0 Name:  SubModel Group 8
0 Author:  
0 CustomBrick
0 FlexibleBrickControlPointUnitLength -1
0 FlexibleBrickLockedControlPoint 
1 272 2.250000 -10.000000 -20.250000 1.000000 0.000000 0.000000 0.000000 1.000000 0.000000 0.000000 0.000000 1.000000 32316.dat
0 STEP
1 1 2.250000 -20.000000 -20.250030 0.000000 0.000000 1.000000 -1.000000 0.000000 0.000000 0.000000 -1.000000 0.000000 43093.dat
0 STEP
1 72 2.250000 -30.000000 19.750000 0.000000 0.000000 1.000000 1.000000 0.000000 0.000000 0.000000 1.000000 0.000000 15100.dat
0 STEP
1 272 2.250000 -30.000000 -0.250030 -1.000000 0.000000 0.000000 0.000000 1.000000 0.000000 0.000000 0.000000 -1.000000 2389.dat
0 STEP
1 0 2.250000 -20.000000 -60.250030 0.000000 0.000000 1.000000 -1.000000 0.000000 0.000000 0.000000 -1.000000 0.000000 2780.dat
0 STEP
1 71 2.250000 -30.000000 19.750000 0.000000 0.000000 1.000000 0.000000 1.000000 0.000000 -1.000000 0.000000 0.000000 4519.dat
0 STEP
1 72 2.250020 -30.000000 39.749970 0.000000 0.000000 -1.000000 0.000000 1.000000 0.000000 1.000000 0.000000 0.000000 6536.dat
0 STEP
1 0 -7.750000 -10.000000 39.749940 1.000000 0.000000 0.000000 0.000000 0.000000 -1.000000 0.000000 1.000000 0.000000 2780.dat
0 STEP
0 NOFILE
0 FILE SubModel Group 9
0 SubModel Group 9
0 Name:  SubModel Group 9
0 Author:  
0 CustomBrick
0 FlexibleBrickControlPointUnitLength -1
0 FlexibleBrickLockedControlPoint 
1 272 0.000010 -10.000000 -20.449980 1.000000 0.000000 0.000000 0.000000 1.000000 0.000000 0.000000 0.000000 1.000000 32316.dat
0 STEP
1 72 0.000000 -30.000000 19.950010 0.000000 0.000000 1.000000 1.000000 0.000000 0.000000 0.000000 1.000000 0.000000 15100.dat
0 STEP
1 1 0.000010 -20.000000 -20.449980 0.000000 0.000000 1.000000 -1.000000 0.000000 0.000000 0.000000 -1.000000 0.000000 43093.dat
0 STEP
1 272 0.000010 -30.000000 -0.449980 -1.000000 0.000000 0.000000 0.000000 1.000000 0.000000 0.000000 0.000000 -1.000000 2387.dat
0 STEP
1 71 0.000000 -30.000000 19.950010 0.000000 0.000000 1.000000 0.000000 1.000000 0.000000 -1.000000 0.000000 0.000000 4519.dat
0 STEP
1 72 -0.000010 -30.000000 39.949950 0.000000 0.000000 -1.000000 0.000000 1.000000 0.000000 1.000000 0.000000 0.000000 6536.dat
0 STEP
1 1 -0.000010 -10.000000 39.949950 -1.000000 0.000000 0.000000 0.000000 1.000000 0.000000 0.000000 0.000000 -1.000000 6558.dat
0 STEP
1 0 0.000000 -20.000000 -60.449980 0.000000 0.000000 1.000000 1.000000 0.000000 0.000000 0.000000 1.000000 0.000000 2780.dat
0 STEP
0 NOFILE
0 FILE SubModel Group 10
0 SubModel Group 10
0 Name:  SubModel Group 10
0 Author:  
0 CustomBrick
0 FlexibleBrickControlPointUnitLength -1
0 FlexibleBrickLockedControlPoint 
0 NumOfBricks:  4
1 191 0.000010 -10.000000 0.000000 1.000000 0.000000 0.000000 0.000000 1.000000 0.000000 0.000000 0.000000 1.000000 32524.dat
0 STEP
1 4 0.000000 -20.000000 20.000000 0.000000 1.000000 0.000000 -1.000000 0.000000 0.000000 0.000000 0.000000 1.000000 89678.dat
1 4 0.000000 -20.000000 -20.000000 0.000000 1.000000 0.000000 -1.000000 0.000000 0.000000 0.000000 0.000000 1.000000 89678.dat
0 STEP
1 191 0.000000 -28.000000 -0.000030 0.000000 0.000000 1.000000 0.000000 1.000000 0.000000 -1.000000 0.000000 0.000000 3623.dat
0 STEP
0 NOFILE
0 FILE SubModel Group 12
0 SubModel Group 12
0 Name:  SubModel Group 12
0 Author:  
0 CustomBrick
0 FlexibleBrickControlPointUnitLength -1
0 FlexibleBrickLockedControlPoint 
0 NumOfBricks:  13
1 72 -17.888890 -10.000000 -4.555330 0.000000 0.000000 1.000000 0.000000 1.000000 0.000000 -1.000000 0.000000 0.000000 32209.dat
0 STEP
1 71 -17.888890 -10.000000 17.434660 1.000000 0.000000 0.000000 0.000000 1.000000 0.000000 0.000000 0.000000 1.000000 32123a.dat
0 STEP
1 0 -17.888890 -50.000000 7.444670 0.000000 0.000000 1.000000 -1.000000 0.000000 0.000000 0.000000 -1.000000 0.000000 99773.dat
0 STEP
1 71 -17.888890 -10.000000 -2.555330 1.000000 0.000000 0.000000 0.000000 1.000000 0.000000 0.000000 0.000000 1.000000 32123a.dat
0 STEP
1 72 -17.888890 -10.000000 -17.555330 0.000000 1.000000 0.000000 0.000000 0.000000 -1.000000 -1.000000 0.000000 0.000000 6536.dat
0 STEP
1 4 2.111110 -20.000000 -17.555330 0.000000 1.000000 0.000000 -1.000000 0.000000 0.000000 0.000000 0.000000 1.000000 89678.dat
0 STEP
1 191 2.111100 -20.000000 -17.555360 0.000000 0.000000 1.000000 0.000000 1.000000 0.000000 -1.000000 0.000000 0.000000 54200.dat
0 STEP
1 71 -17.888890 -10.000000 -32.555330 1.000000 0.000000 0.000000 0.000000 1.000000 0.000000 0.000000 0.000000 1.000000 32123a.dat
0 STEP
1 16 22.111100 -1.000000 -13.547330 1.000000 0.000000 0.000000 0.000000 1.000000 0.000000 0.000000 0.000000 1.000000 submodel group 11
0 STEP
0 NOFILE
0 FILE SubModel Group 11
0 SubModel Group 11
0 Name:  SubModel Group 11
0 Author:  
0 CustomBrick
0 FlexibleBrickControlPointUnitLength -1
0 FlexibleBrickLockedControlPoint 
0 NumOfBricks:  5
1 191 0.000000 -29.000000 -4.008000 1.000000 0.000000 0.000000 0.000000 0.000000 -1.000000 0.000000 1.000000 0.000000 32523.dat
0 STEP
1 19 0.000000 -49.000000 5.992000 0.000000 0.000000 1.000000 0.000000 1.000000 0.000000 -1.000000 0.000000 0.000000 99008.dat
0 STEP
1 71 0.000000 -49.000000 11.032010 1.000000 0.000000 0.000000 0.000000 1.000000 0.000000 0.000000 0.000000 1.000000 32123a.dat
1 71 0.000000 -49.000000 -19.008000 1.000000 0.000000 0.000000 0.000000 1.000000 0.000000 0.000000 0.000000 1.000000 32123a.dat
0 STEP
1 1 -0.000030 -9.000000 -4.008030 0.000000 0.000000 -1.000000 0.000000 1.000000 0.000000 1.000000 0.000000 0.000000 6558.dat
0 STEP
0 NOFILE
0 FILE SubModel Group 13
0 SubModel Group 13
0 Name:  SubModel Group 13
0 Author:  
0 CustomBrick
0 FlexibleBrickControlPointUnitLength -1
0 FlexibleBrickLockedControlPoint 
0 NumOfBricks:  9
1 0 20.000000 -10.000010 -16.444460 1.000000 0.000000 0.000000 0.000000 0.000000 1.000000 0.000000 -1.000000 0.000000 42003.dat
0 STEP
1 71 10.000000 -10.000020 3.555540 1.000000 0.000000 0.000000 0.000000 1.000000 0.000000 0.000000 0.000000 1.000000 4519.dat
0 STEP
1 0 0.000000 -10.000010 -16.444430 1.000000 0.000000 0.000000 0.000000 0.000000 1.000000 0.000000 -1.000000 0.000000 42003.dat
0 STEP
1 72 20.000000 -30.000020 -16.444460 0.000000 0.000000 1.000000 1.000000 0.000000 0.000000 0.000000 1.000000 0.000000 15100.dat
1 72 0.000000 -30.000020 -16.444430 0.000000 0.000000 1.000000 1.000000 0.000000 0.000000 0.000000 1.000000 0.000000 15100.dat
0 STEP
1 71 20.000000 -30.000020 -6.444460 0.000000 -1.000000 0.000000 0.000000 0.000000 -1.000000 1.000000 0.000000 0.000000 4274.dat
1 71 -0.000010 -30.000010 -6.444430 0.000000 -1.000000 0.000000 0.000000 0.000000 -1.000000 1.000000 0.000000 0.000000 4274.dat
0 STEP
1 47 20.000000 -30.000020 1.555540 1.000000 0.000000 0.000000 0.000000 0.000000 1.000000 0.000000 -1.000000 0.000000 98138.dat
1 47 -0.000010 -30.000020 1.555570 1.000000 0.000000 0.000000 0.000000 0.000000 1.000000 0.000000 -1.000000 0.000000 98138.dat
0 STEP
0 NOFILE
