0 FILE 42163-schwerlast-bulldozer.io
0 Untitled Model
0 Name:  42163-schwerlast-bulldozer
0 Author:  
0 CustomBrick
0 FlexibleBrickControlPointUnitLength -1
0 FlexibleBrickLockedControlPoint 
0 NumOfBricks:  195
1 14 9.999880 -30.978350 -29.984450 0.000000 1.000000 0.000000 -1.000000 0.000000 0.000000 0.000000 0.000000 1.000000 32524.dat
0 STEP
1 0 -0.000140 -30.978360 -29.984450 1.000000 0.000000 0.000000 0.000000 0.000000 1.000000 0.000000 -1.000000 0.000000 2780.dat
1 0 19.999890 -30.978340 10.015540 1.000000 0.000000 0.000000 0.000000 0.000000 1.000000 0.000000 -1.000000 0.000000 2780.dat
0 STEP
1 71 -0.000140 -30.978350 -89.984450 1.000000 0.000000 0.000000 0.000000 1.000000 0.000000 0.000000 0.000000 1.000000 3673.dat
1 71 -0.000130 -30.978360 30.015530 1.000000 0.000000 0.000000 0.000000 1.000000 0.000000 0.000000 0.000000 1.000000 3673.dat
0 STEP
1 0 -10.000120 -30.978340 -9.984460 0.000000 -1.000000 0.000000 -1.000000 0.000000 0.000000 0.000000 0.000000 -1.000000 60483.dat
0 STEP
1 14 29.999900 -110.978400 -9.984460 0.000000 1.000000 0.000000 0.000000 0.000000 1.000000 1.000000 0.000000 0.000000 32526.dat
0 STEP
1 14 49.999870 -30.978360 10.015540 -1.000000 0.000000 0.000000 0.000000 0.000000 -1.000000 0.000000 -1.000000 0.000000 32184.dat
0 STEP
1 0 49.999870 -30.978360 30.015420 1.000000 0.000000 0.000000 0.000000 0.000001 1.000004 0.000000 -1.000003 0.000000 18651.dat
0 STEP
1 14 49.999870 -30.978360 -9.984460 1.000000 0.000000 0.000000 0.000000 1.000000 0.000000 0.000000 0.000000 1.000000 44294.dat
0 STEP
1 70 49.999900 -70.978360 10.015530 0.000000 -1.000000 0.000000 1.000000 0.000000 0.000000 0.000000 0.000000 1.000000 15462.dat
0 STEP
1 71 62.499950 -60.878360 10.015540 0.000000 1.000000 0.000000 0.000000 0.000000 -1.000000 -1.000000 0.000000 0.000000 32905.dat
0 STEP
1 14 49.999920 -90.978370 10.015540 -1.000000 0.000000 0.000000 0.000000 0.000000 -1.000000 0.000000 -1.000000 0.000000 32184.dat
0 STEP
1 0 49.999940 -90.978400 30.015540 -1.000000 0.000000 0.000000 0.000000 0.000000 1.000000 0.000000 1.000000 0.000000 18651.dat
0 STEP
1 14 49.999910 -90.978370 -9.984469 1.000000 0.000000 0.000000 0.000000 1.000000 0.000000 0.000000 0.000000 1.000000 44294.dat
0 STEP
1 0 49.997060 -120.978400 10.015540 0.000000 1.000000 0.000000 0.000000 0.000000 -1.000000 -1.000000 0.000000 0.000000 59443.dat
0 STEP
0 STEP
1 72 49.999900 -50.978340 -9.984460 0.000000 0.000000 1.000000 0.000000 1.000000 0.000000 -1.000000 0.000000 0.000000 10928.dat
0 STEP
1 71 49.999900 -50.978340 -9.984460 -1.000001 0.000000 0.000000 0.000000 1.000000 0.000000 0.000000 0.000000 -1.000000 60485.dat
0 STEP
0 STEP
1 14 69.999910 -110.978300 -9.984460 0.000000 1.000000 0.000000 0.000000 0.000000 1.000000 1.000000 0.000000 0.000000 32526.dat
0 STEP
1 0 79.999900 -30.978310 10.015530 1.000000 0.000000 0.000000 0.000000 0.000000 1.000000 0.000000 -1.000000 0.000000 2780.dat
0 STEP
1 1 19.999880 -30.978350 -69.984460 1.000000 0.000000 0.000000 0.000000 0.000000 1.000000 0.000000 -1.000000 0.000000 43093.dat
0 STEP
1 14 29.999890 -30.978340 -69.984460 0.000000 -1.000000 0.000000 0.000000 0.000000 -1.000001 1.000000 0.000000 0.000000 71708.dat
0 STEP
1 0 49.999880 -50.978360 -69.984440 1.000000 0.000000 0.000000 0.000000 0.000000 1.000000 0.000000 -1.000000 0.000000 18651.dat
0 STEP
1 1 49.999880 -70.978370 -69.984460 1.000000 0.000000 0.000000 0.000000 1.000000 0.000000 0.000000 0.000000 1.000000 6558.dat
0 STEP
1 0 49.999870 -50.978370 -69.984460 0.000000 1.000000 0.000000 0.000000 0.000000 -1.000001 -1.000000 0.000000 0.000000 32140.dat
0 STEP
1 14 69.999910 -30.978350 -69.984460 0.000000 -1.000000 0.000000 0.000000 0.000000 -1.000000 1.000000 0.000000 0.000000 71708.dat
0 STEP
1 1 79.999920 -30.978350 -69.984460 -1.000000 0.000000 0.000000 0.000000 0.000000 1.000000 0.000000 1.000000 0.000000 43093.dat
0 STEP
1 14 89.999880 -30.978360 -29.984460 0.000000 1.000000 0.000000 -1.000000 0.000000 0.000000 0.000000 0.000000 1.000000 32524.dat
0 STEP
1 71 99.999920 -30.978350 -89.984460 1.000000 0.000000 0.000000 0.000000 1.000000 0.000000 0.000000 0.000000 1.000000 3673.dat
1 71 99.999880 -30.978380 30.015520 1.000000 0.000000 0.000000 0.000000 1.000000 0.000000 0.000000 0.000000 1.000000 3673.dat
0 STEP
1 0 99.999870 -30.978350 -29.984460 1.000000 0.000000 0.000000 0.000000 0.000000 1.000000 0.000000 -1.000000 0.000000 2780.dat
0 STEP
1 0 109.999900 -30.978350 -9.984469 0.000000 -1.000000 0.000000 -1.000000 0.000000 0.000000 0.000000 0.000000 -1.000000 60483.dat
0 STEP
1 0 49.990100 -30.978360 -49.984480 0.000000 -1.000000 0.000000 -0.998675 0.000000 -0.051466 0.051466 0.000000 -0.998674 32140.dat
0 STEP
1 1 49.991040 -54.040220 -108.875600 -1.000012 0.000000 0.000000 0.000000 -0.998687 0.051466 0.000000 0.051467 0.998674 6558.dat
0 STEP
1 0 29.990770 -66.677840 -115.223300 -0.000001 0.000001 1.000012 0.949273 0.314490 0.000001 -0.314494 0.949260 -0.000002 18677.dat
1 0 69.991400 -66.677760 -115.223400 -0.000001 0.000001 1.000012 0.949273 0.314490 0.000001 -0.314493 0.949260 -0.000002 18677.dat
0 STEP
1 14 49.991120 -83.147480 -101.339300 1.000012 0.000001 0.000001 0.000001 0.314490 -0.949273 -0.000001 0.949260 0.314494 3021.dat
0 STEP
1 0 29.990820 -104.648700 -102.643500 0.000001 0.000001 -1.000012 -0.949272 0.314491 -0.000001 0.314494 0.949260 0.000001 18677.dat
1 0 69.991520 -104.648600 -102.643500 0.000001 0.000001 -1.000012 -0.949272 0.314491 -0.000001 0.314494 0.949260 0.000001 18677.dat
0 STEP
1 0 49.991080 -85.663440 -108.933300 -0.000001 0.000001 1.000012 0.949273 0.314490 0.000000 -0.314494 0.949260 -0.000001 3023.dat
0 STEP
1 0 29.990790 -88.179290 -116.527300 -0.000001 0.000001 1.000012 0.949273 0.314490 0.000000 -0.314494 0.949260 -0.000001 2412b.dat
1 0 49.991100 -88.179340 -116.527500 -0.000001 0.000001 1.000012 0.949273 0.314490 0.000000 -0.314494 0.949260 -0.000001 2412b.dat
1 0 69.991500 -88.179320 -116.527500 -0.000001 0.000001 1.000012 0.949273 0.314490 0.000000 -0.314494 0.949260 -0.000001 2412b.dat
0 STEP
1 14 49.991020 -59.701060 -125.962300 1.000012 0.000001 0.000001 0.000000 0.314490 -0.949273 -0.000001 0.949260 0.314494 63864.dat
1 14 49.991100 -116.657200 -107.092800 1.000012 0.000001 0.000001 0.000000 0.314490 -0.949273 -0.000001 0.949260 0.314494 63864.dat
0 STEP
1 70 49.999870 -30.978370 -49.984480 1.000000 0.000000 0.000000 0.000000 0.998675 0.051466 0.000000 -0.051466 0.998675 15462.dat
0 STEP
1 71 50.000340 -111.013300 -90.044120 1.000000 -0.000001 0.000002 0.000000 0.852645 0.522490 -0.000002 -0.522490 0.852645 32073.dat
0 STEP
1 14 90.000330 -111.013300 -90.044220 1.000000 -0.000002 0.000001 -0.000002 -0.522498 0.852641 -0.000001 -0.852641 -0.522498 6536.dat
1 14 10.000330 -111.013300 -90.044010 1.000000 -0.000002 -0.000001 -0.000001 -0.522490 0.852645 -0.000002 -0.852645 -0.522490 6536.dat
0 STEP
1 14 -10.000080 -90.978320 10.015530 0.000000 1.000000 0.000000 -1.000000 0.000000 0.000000 0.000000 0.000000 1.000000 32316.dat
0 STEP
1 0 -0.000100 -90.978380 -29.984470 1.000000 0.000000 0.000000 0.000000 0.000000 1.000000 0.000000 -1.000000 0.000000 2780.dat
0 STEP
1 0 9.999909 -90.978370 50.015520 0.000000 1.000000 0.000000 -1.000000 0.000000 0.000000 0.000000 0.000000 1.000000 18654.dat
0 STEP
1 1 9.999909 -90.978400 50.015540 -1.000000 0.000000 0.000000 0.000000 1.000001 0.000000 0.000000 0.000000 -1.000000 6558.dat
0 STEP
1 0 9.999900 -90.978370 -9.984469 0.000000 -1.000000 0.000000 -1.000000 0.000000 0.000000 0.000000 0.000000 -1.000000 60483.dat
0 STEP
1 0 29.999900 -150.978400 30.015550 0.000000 1.000000 0.000000 0.000000 0.000000 1.000001 1.000000 0.000000 0.000000 32140.dat
0 STEP
1 14 9.999880 -110.978400 10.015680 1.000000 0.000000 0.000000 0.000000 0.000000 1.000005 0.000000 -1.000006 0.000000 32184.dat
0 STEP
1 0 9.999860 -120.978400 10.015680 0.000000 0.000000 1.000000 -1.000005 0.000000 0.000000 0.000000 -1.000005 0.000000 2780.dat
0 STEP
1 71 49.999900 -110.978400 -9.984449 1.000000 0.000000 0.000000 0.000000 1.000005 0.000000 0.000000 0.000000 1.000006 32073.dat
0 STEP
1 1 19.999860 -110.978200 30.015850 -1.000000 0.000000 0.000000 0.000000 0.000000 1.000000 0.000000 1.000000 0.000000 43093.dat
0 STEP
1 14 9.999849 -140.978400 10.015690 0.000000 -1.000000 0.000000 -1.000000 0.000000 0.000000 0.000000 0.000000 -1.000000 62462.dat
0 STEP
1 14 49.999870 -150.978400 10.015550 1.000000 0.000000 0.000000 0.000000 0.000000 1.000000 0.000000 -1.000000 0.000000 32184.dat
1 14 49.999870 -150.978400 -9.984449 1.000001 0.000000 0.000000 0.000000 1.000001 0.000000 0.000000 0.000000 1.000000 4519.dat
0 STEP
1 0 24.999880 -150.978400 -9.984449 0.000000 1.000000 0.000000 -1.000000 0.000000 0.000000 0.000000 0.000000 1.000000 41677.dat
1 0 34.999890 -150.978400 -29.984440 0.000000 1.000001 0.000000 -1.000001 0.000000 0.000000 0.000000 0.000000 1.000000 41677.dat
0 STEP
1 4 49.999870 -150.978400 -29.984440 1.000000 0.000000 0.000000 0.000000 1.000000 0.000000 0.000000 0.000000 1.000000 32062.dat
0 STEP
1 0 49.999870 -150.978400 -29.984440 0.000000 -1.000000 0.000000 0.000000 0.000000 1.000000 -1.000000 0.000000 0.000000 60484.dat
0 STEP
1 1 49.999880 -110.978400 -29.984440 -1.000000 0.000000 0.000000 0.000000 1.000000 0.000000 0.000000 0.000000 -1.000000 6558.dat
0 STEP
1 0 29.999860 -110.978400 -49.984430 0.000000 -1.000000 0.000000 1.000000 0.000000 0.000000 0.000000 0.000000 1.000000 60483.dat
1 0 69.999900 -110.978400 -49.984440 0.000000 -1.000000 0.000000 1.000000 0.000000 0.000000 0.000000 0.000000 1.000000 60483.dat
0 STEP
1 0 64.999860 -150.978400 -29.984440 0.000000 1.000000 0.000000 -1.000000 0.000000 0.000000 0.000000 0.000000 1.000000 41677.dat
0 STEP
1 0 74.999900 -150.978400 -9.984449 0.000000 1.000000 0.000000 -1.000000 0.000000 0.000000 0.000000 0.000000 1.000000 41677.dat
0 STEP
1 4 49.999860 -160.978400 10.015540 0.000000 0.000000 1.000000 1.000000 0.000000 0.000000 0.000000 1.000000 0.000000 3705.dat
0 STEP
1 14 49.999890 -150.978400 30.015570 1.000000 0.000000 0.000000 0.000000 1.000000 0.000000 0.000000 0.000000 1.000000 4519.dat
0 STEP
1 0 69.999900 -150.978400 30.015580 0.000000 1.000000 0.000000 0.000000 0.000000 1.000000 1.000000 0.000000 0.000000 32140.dat
0 STEP
1 0 89.999900 -90.978400 50.015560 0.000000 1.000000 0.000000 -1.000000 0.000000 0.000000 0.000000 0.000000 1.000000 18654.dat
0 STEP
1 1 89.999900 -90.978400 50.015560 -1.000000 0.000000 0.000000 0.000000 1.000000 0.000000 0.000000 0.000000 -1.000000 6558.dat
0 STEP
1 1 79.999900 -110.978400 30.015560 1.000000 0.000000 0.000000 0.000000 0.000000 1.000000 0.000000 -1.000000 0.000000 43093.dat
0 STEP
1 14 89.999880 -110.978400 10.015560 1.000000 0.000000 0.000000 0.000000 0.000000 1.000000 0.000000 -1.000000 0.000000 32184.dat
0 STEP
1 0 89.999880 -120.978400 10.015580 0.000000 0.000000 1.000000 -1.000000 0.000000 0.000000 0.000000 -1.000000 0.000000 2780.dat
0 STEP
1 14 89.999950 -140.978400 10.015580 0.000000 1.000000 0.000000 -1.000000 0.000000 0.000000 0.000000 0.000000 1.000000 62462.dat
0 STEP
1 14 109.999900 -90.978350 10.015530 0.000000 1.000000 0.000000 -1.000000 0.000000 0.000000 0.000000 0.000000 1.000000 32316.dat
0 STEP
1 0 99.999920 -90.978370 -29.984480 1.000000 0.000000 0.000000 0.000000 0.000000 1.000001 0.000000 -1.000000 0.000000 2780.dat
0 STEP
1 0 89.999950 -90.978340 -9.984489 0.000000 -1.000000 0.000000 -1.000001 0.000000 0.000000 0.000000 0.000000 -1.000000 60483.dat
0 STEP
1 19 89.999900 -160.978400 10.015580 0.000000 1.000000 0.000000 -1.000000 0.000000 0.000000 0.000000 0.000000 1.000000 32002.dat
1 19 9.999840 -160.978400 10.015690 0.000000 1.000000 0.000000 -1.000000 0.000000 0.000000 0.000000 0.000000 1.000000 32002.dat
0 STEP
1 14 49.999920 -165.978400 10.015570 0.000000 0.000000 1.000000 0.000000 1.000000 0.000000 -1.000000 0.000000 0.000000 32017.dat
0 STEP
1 14 49.999900 -175.978400 10.015560 1.000000 0.000000 0.000000 0.000000 0.000000 1.000000 0.000000 -1.000000 0.000000 32123a.dat
0 STEP
1 0 49.999890 -190.978500 10.015540 0.000000 1.000000 0.000000 0.000000 0.000000 -1.000000 -1.000000 0.000000 0.000000 32270.dat
0 STEP
1 0 14.999890 -110.978400 -69.984440 0.000000 1.000000 0.000000 -1.000000 0.000000 0.000000 0.000000 0.000000 1.000000 41677.dat
0 STEP
1 0 49.999890 -110.978400 -69.984440 1.000000 0.000000 0.000000 0.000000 1.000000 0.000000 0.000000 0.000000 1.000000 3705.dat
1 0 49.999890 -110.978400 -49.984440 1.000000 0.000000 0.000000 0.000000 1.000000 0.000000 0.000000 0.000000 1.000000 3705.dat
0 STEP
1 0 29.999900 -110.978400 -69.984440 1.000000 0.000000 0.000000 0.000000 -1.000000 0.000000 0.000000 0.000000 -1.000000 6553.dat
0 STEP
1 0 69.959920 -110.978400 -69.984440 1.000000 0.000000 0.000000 0.000000 -1.000000 0.000000 0.000000 0.000000 -1.000000 6553.dat
0 STEP
1 0 84.999930 -110.978400 -69.984430 0.000000 1.000000 0.000000 -1.000000 0.000000 0.000000 0.000000 0.000000 1.000000 41677.dat
0 STEP
1 4 -10.000140 -30.978350 30.015530 0.000000 0.000000 1.000000 0.000000 1.000000 0.000000 -1.000000 0.000000 0.000000 18946.dat
1 4 109.999900 -30.978360 -89.984470 0.000000 0.000000 1.000000 0.000000 1.000000 0.000000 -1.000000 0.000000 0.000000 18946.dat
1 4 -10.000140 -30.978350 -89.984450 0.000000 0.000000 1.000000 0.000000 1.000000 0.000000 -1.000000 0.000000 0.000000 18946.dat
1 4 109.999900 -30.978360 30.015540 0.000000 0.000000 1.000000 0.000000 1.000000 0.000000 -1.000000 0.000000 0.000000 18946.dat
0 STEP
1 14 -0.000150 -50.978360 -9.984469 1.000000 0.000000 0.000000 0.000000 1.000000 0.000000 0.000000 0.000000 1.000000 62462.dat
0 STEP
1 14 -50.000160 -50.978360 -9.984480 0.000000 0.000000 -1.000000 1.000000 0.000000 0.000000 0.000000 -1.000000 0.000000 32013.dat
0 STEP
1 14 99.999920 -50.978360 -9.984440 1.000000 0.000000 0.000000 0.000000 1.000000 0.000000 0.000000 0.000000 1.000000 62462.dat
0 STEP
1 14 149.999900 -50.978370 -9.984440 0.000000 0.000000 1.000000 1.000000 0.000000 0.000000 0.000000 1.000000 0.000000 32013.dat
0 STEP
1 0 -10.000000 -8.978350 -75.984360 1.000000 0.000000 0.000000 0.000000 -1.000000 0.000000 0.000000 0.000000 -1.000000 3873.dat
1 0 -10.000000 -8.978350 -59.984360 1.000000 0.000000 0.000000 0.000000 -1.000000 0.000000 0.000000 0.000000 -1.000000 3873.dat
1 0 -10.000000 -8.978350 -43.984360 1.000000 0.000000 0.000000 0.000000 -1.000000 0.000000 0.000000 0.000000 -1.000000 3873.dat
1 0 -10.000000 -8.978360 -27.984360 1.000000 0.000000 0.000000 0.000000 -1.000000 0.000000 0.000000 0.000000 -1.000000 3873.dat
1 0 -10.000000 -8.978360 -11.984360 1.000000 0.000000 0.000000 0.000000 -1.000000 0.000000 0.000000 0.000000 -1.000000 3873.dat
1 0 -10.000000 -8.978370 4.015640 1.000000 0.000000 0.000000 0.000000 -1.000000 0.000000 0.000000 0.000000 -1.000000 3873.dat
1 0 -10.000000 -8.978370 20.015640 1.000000 0.000000 0.000000 0.000000 -1.000000 0.000000 0.000000 0.000000 -1.000000 3873.dat
1 0 -10.000000 -8.978370 36.015640 1.000000 0.000000 0.000000 0.000000 -1.000000 0.000000 0.000000 0.000000 -1.000000 3873.dat
1 0 -10.000010 -21.013720 50.211420 1.000000 0.000000 0.000000 0.000000 -0.819153 0.573576 0.000000 -0.573575 -0.819153 3873.dat
1 0 -10.000000 -8.978340 -91.984360 1.000000 0.000000 0.000000 0.000000 -0.965926 -0.258818 0.000000 0.258818 -0.965926 3873.dat
1 0 -10.000000 -13.119440 -107.439200 1.000000 0.000000 0.000000 0.000000 -0.258822 -0.965925 0.000000 0.965925 -0.258822 3873.dat
1 0 -10.000000 -28.574240 -111.580300 1.000000 0.000000 0.000000 0.000000 -0.000005 -1.000000 0.000000 1.000000 -0.000005 3873.dat
1 0 -10.000000 -44.574240 -111.580400 1.000000 0.000000 0.000000 0.000000 0.866022 -0.500006 0.000000 0.500006 0.866022 3873.dat
1 0 -10.000000 -52.574340 -97.724040 1.000000 0.000000 0.000000 0.000000 0.990268 -0.139174 0.000000 0.139174 0.990268 3873.dat
1 0 -10.000000 -54.801120 -81.879760 1.000000 0.000000 0.000000 0.000000 0.990268 -0.139174 0.000000 0.139174 0.990268 3873.dat
1 0 -9.999990 -57.027900 -66.035480 1.000000 0.000000 0.000000 0.000000 0.990268 -0.139174 0.000000 0.139174 0.990268 3873.dat
1 0 -10.000000 -59.254680 -50.191190 1.000000 0.000000 0.000000 0.000000 0.990268 -0.139174 0.000000 0.139174 0.990268 3873.dat
1 0 -9.999990 -61.481480 -34.346900 1.000000 0.000000 0.000000 0.000000 0.990268 -0.139174 0.000000 0.139174 0.990268 3873.dat
1 0 -9.999980 -63.708260 -18.502610 1.000000 0.000000 0.000000 0.000000 1.000000 0.000000 0.000000 0.000000 1.000000 3873.dat
1 0 -9.999990 -63.708260 -2.502610 1.000000 0.000000 0.000000 0.000000 0.961262 0.275635 0.000000 -0.275635 0.961262 3873.dat
1 0 -9.999990 -59.298070 12.877590 1.000000 0.000000 0.000000 0.000000 0.961262 0.275635 0.000000 -0.275635 0.961262 3873.dat
1 0 -10.000000 -54.887920 28.257780 1.000000 0.000000 0.000000 0.000000 0.933581 0.358365 0.000000 -0.358365 0.933582 3873.dat
1 0 -10.000000 -49.154060 43.195090 1.000000 0.000000 0.000000 0.000000 0.629324 0.777144 0.000000 -0.777144 0.629324 3873.dat
1 0 -10.000010 -36.719770 53.264270 1.000000 0.000000 0.000000 0.000000 -0.190803 0.981628 0.000000 -0.981628 -0.190803 3873.dat
1 0 110.000400 -8.978350 -75.984330 1.000005 0.000000 0.000000 0.000000 -1.000000 0.000000 0.000000 0.000000 -1.000001 3873.dat
1 0 110.000400 -8.978380 -59.984280 1.000005 0.000000 0.000000 0.000000 -1.000000 0.000000 0.000000 0.000000 -1.000001 3873.dat
1 0 110.000400 -8.978360 -43.984280 1.000005 0.000000 0.000000 0.000000 -1.000000 0.000000 0.000000 0.000000 -1.000001 3873.dat
1 0 110.000300 -8.978360 -27.984280 1.000005 0.000000 0.000000 0.000000 -1.000000 0.000000 0.000000 0.000000 -1.000001 3873.dat
1 0 110.000400 -8.978360 -11.984280 1.000005 0.000000 0.000000 0.000000 -1.000000 0.000000 0.000000 0.000000 -1.000001 3873.dat
1 0 110.000400 -8.978380 4.015730 1.000005 0.000000 0.000000 0.000000 -1.000000 0.000000 0.000000 0.000000 -1.000001 3873.dat
1 0 110.000400 -8.978380 20.015740 1.000005 0.000000 0.000000 0.000000 -1.000000 0.000000 0.000000 0.000000 -1.000001 3873.dat
1 0 110.000400 -8.978370 36.015780 1.000005 0.000000 0.000000 0.000000 -1.000000 0.000000 0.000000 0.000000 -1.000001 3873.dat
1 0 110.000300 -21.013710 50.211580 1.000000 0.000000 0.000000 0.000000 -0.819153 0.573575 0.000000 -0.573575 -0.819153 3873.dat
1 0 110.000400 -8.978370 -91.984330 1.000005 0.000000 0.000000 0.000000 -0.965926 -0.258818 0.000000 0.258818 -0.965927 3873.dat
1 0 110.000400 -13.119440 -107.439200 1.000005 0.000000 0.000000 0.000000 -0.258822 -0.965925 0.000000 0.965926 -0.258823 3873.dat
1 0 110.000300 -28.574220 -111.580300 1.000005 0.000000 0.000000 0.000000 -0.000004 -1.000000 0.000000 1.000001 -0.000005 3873.dat
1 0 110.000300 -44.574220 -111.580400 1.000005 0.000000 0.000000 0.000000 0.866022 -0.500006 0.000000 0.500006 0.866023 3873.dat
1 0 110.000300 -52.574360 -97.724040 1.000005 0.000000 0.000000 0.000000 0.990268 -0.139174 0.000000 0.139174 0.990269 3873.dat
1 0 110.000300 -54.801120 -81.879730 1.000005 0.000000 0.000000 0.000000 0.990268 -0.139174 0.000000 0.139174 0.990269 3873.dat
1 0 110.000400 -57.027900 -66.035460 1.000005 0.000000 0.000000 0.000000 0.990268 -0.139174 0.000000 0.139174 0.990269 3873.dat
1 0 110.000400 -59.254680 -50.191160 1.000005 0.000000 0.000000 0.000000 0.990268 -0.139174 0.000000 0.139174 0.990269 3873.dat
1 0 110.000400 -61.481460 -34.346820 1.000005 0.000000 0.000000 0.000000 0.990268 -0.139174 0.000000 0.139174 0.990269 3873.dat
1 0 110.000300 -63.708240 -18.502550 1.000005 0.000000 0.000000 0.000000 1.000000 0.000000 0.000000 0.000000 1.000001 3873.dat
1 0 110.000300 -63.708240 -2.502530 1.000005 0.000000 0.000000 0.000000 0.961262 0.275635 0.000000 -0.275636 0.961263 3873.dat
1 0 110.000400 -59.298070 12.877700 1.000005 0.000000 0.000000 0.000000 0.961262 0.275635 0.000000 -0.275635 0.961263 3873.dat
1 0 110.000300 -54.887900 28.257900 1.000005 0.000000 0.000000 0.000000 0.933581 0.358366 0.000000 -0.358366 0.933583 3873.dat
1 0 110.000400 -49.154060 43.195240 1.000005 0.000000 0.000000 0.000000 0.629323 0.777143 0.000000 -0.777145 0.629324 3873.dat
1 0 110.000400 -36.719760 53.264430 1.000005 0.000000 0.000000 0.000000 -0.190803 0.981628 0.000000 -0.981629 -0.190803 3873.dat
0 STEP
1 14 149.999800 -30.978350 -69.984420 1.000000 0.000000 0.000000 0.000000 1.000000 0.000000 0.000000 0.000000 1.000000 32524.dat
1 14 -50.000180 -30.978340 -69.984420 1.000000 0.000000 0.000000 0.000000 1.000000 0.000000 0.000000 0.000000 1.000000 32524.dat
1 0 149.999900 -40.978320 -129.984400 0.000000 0.000000 1.000000 -1.000000 0.000000 0.000000 0.000000 -1.000000 0.000000 2780.dat
1 0 150.000000 -40.978360 -9.984449 0.000000 0.000000 1.000000 -1.000000 0.000000 0.000000 0.000000 -1.000000 0.000000 2780.dat
1 0 -50.000180 -40.978330 -129.984400 0.000000 0.000000 1.000000 -1.000000 0.000000 0.000000 0.000000 -1.000000 0.000000 2780.dat
1 0 -50.000160 -40.978340 -9.984480 0.000000 0.000000 1.000000 -1.000000 0.000000 0.000000 0.000000 -1.000000 0.000000 2780.dat
0 STEP
1 16 50.000060 -0.978370 -243.047300 1.000000 0.000000 0.000000 0.000000 1.000000 0.000000 0.000000 0.000000 1.000000 shield
0 STEP
1 14 9.999770 -140.505200 -95.121810 1.000000 0.000000 0.000000 0.000000 0.522499 -0.852640 0.000000 0.852640 0.522499 32123a.dat
1 14 89.999600 -140.505200 -95.121860 1.000000 0.000000 -0.000001 -0.000001 0.522495 -0.852642 0.000001 0.852642 0.522495 32123a.dat
0 STEP
0 NOFILE
0 FILE Shield
0 Shield
0 Name:  Shield
0 Author:  
0 CustomBrick
0 FlexibleBrickControlPointUnitLength -1
0 FlexibleBrickLockedControlPoint 
0 NumOfBricks:  37
1 71 -0.000170 -9.999909 73.062920 0.000000 0.000000 1.000000 0.000000 1.000000 0.000000 -1.000000 0.000000 0.000000 26287.dat
1 4 -30.000230 -9.999900 73.063030 1.000000 0.000000 0.000000 0.000000 1.000000 0.000000 0.000000 0.000000 1.000000 32062.dat
1 4 29.999740 -9.999920 73.062920 1.000000 0.000000 0.000000 0.000000 1.000000 0.000000 0.000000 0.000000 1.000000 32062.dat
0 STEP
1 71 -60.000240 -9.999900 73.062630 0.000000 0.000000 -1.000000 -1.000001 0.000000 0.000000 0.000000 1.000000 0.000000 32016.dat
1 71 59.999850 -9.999949 73.063030 0.000000 0.000000 1.000000 1.000000 0.000000 0.000000 0.000000 1.000000 0.000000 32016.dat
0 STEP
1 4 -87.499740 -9.999889 61.562980 0.923877 0.000000 -0.382690 0.000000 1.000000 0.000000 0.382691 0.000000 0.923877 32062.dat
1 4 87.500260 -9.999920 61.562680 0.923877 0.000000 0.382690 0.000000 1.000000 0.000000 -0.382691 0.000000 0.923877 32062.dat
1 1 -60.000240 -29.999900 73.062930 0.000000 0.000000 1.000000 -1.000000 0.000000 0.000000 0.000000 -1.000000 0.000000 6558.dat
1 1 59.999740 -29.999910 73.062930 0.000000 0.000000 1.000000 -1.000000 0.000000 0.000000 0.000000 -1.000000 0.000000 6558.dat
0 STEP
1 14 -0.000180 -29.999920 73.062930 0.000000 0.000000 1.000000 0.000000 1.000000 0.000000 -1.000000 0.000000 0.000000 32524.dat
0 STEP
1 1 39.999740 -49.999890 73.063040 0.000000 0.000000 1.000000 -1.000000 0.000000 0.000000 0.000000 -1.000000 0.000000 6558.dat
1 1 -40.000210 -49.999900 73.062930 0.000000 0.000000 1.000000 -1.000000 0.000000 0.000000 0.000000 -1.000000 0.000000 6558.dat
0 STEP
1 14 -0.000190 -49.999920 73.062930 0.000000 0.000000 1.000000 0.000000 1.000000 0.000000 -1.000000 0.000000 0.000000 32316.dat
0 STEP
0 STEP
0 STEP
0 STEP
1 16 -91.347490 -0.999840 59.797660 0.923877 0.000000 -0.382690 0.000000 1.000000 0.000000 0.382690 0.000000 0.923877 left
0 STEP
1 16 91.347950 -0.999850 59.797320 0.923877 0.000000 0.382690 0.000000 1.000000 0.000000 -0.382690 0.000000 0.923877 right
0 STEP
1 16 -2.333600 -37.623740 115.558000 1.000000 0.000000 0.000000 0.000000 1.000000 0.000000 0.000000 0.000000 1.000000 holder
0 STEP
1 14 -0.000220 -69.999950 73.062930 0.000000 0.000000 1.000000 0.000000 1.000000 0.000000 -1.000000 0.000000 0.000000 32524.dat
0 STEP
0 NOFILE
0 FILE left
0 left
0 Name:  left
0 Author:  
0 CustomBrick
0 FlexibleBrickControlPointUnitLength -1
0 FlexibleBrickLockedControlPoint 
0 NumOfBricks:  5
1 14 14.230410 -49.000080 0.158480 0.000000 1.000000 0.000000 0.000000 0.000000 -1.000001 -1.000000 0.000000 0.000000 32523.dat
1 0 4.230490 -29.000040 0.158520 1.000000 0.000000 0.000000 0.000000 0.000000 -1.000001 0.000000 1.000000 0.000000 2780.dat
1 1 4.230480 -69.000100 0.158540 -1.000000 0.000000 0.000000 0.000000 0.000000 -1.000001 0.000000 -1.000000 0.000000 43093.dat
0 STEP
1 0 -10.769580 -39.000060 0.158480 0.000000 1.000000 0.000000 0.000000 0.000000 -1.000001 -1.000000 0.000000 0.000000 32449.dat
1 0 -0.769570 -39.000040 0.158490 0.000000 1.000000 0.000000 0.000000 0.000000 -1.000001 -1.000000 0.000000 0.000000 32449.dat
0 STEP
0 NOFILE
0 FILE right
0 right
0 Name:  right
0 Author:  
0 CustomBrick
0 FlexibleBrickControlPointUnitLength -1
0 FlexibleBrickLockedControlPoint 
0 NumOfBricks:  5
1 14 -14.230420 -49.000090 0.158500 0.000000 -1.000001 0.000000 0.000000 0.000000 -1.000001 1.000000 0.000000 0.000000 32523.dat
1 0 -4.230370 -29.000050 0.158500 -1.000001 0.000000 0.000000 0.000000 0.000000 -1.000001 0.000000 -1.000000 0.000000 2780.dat
1 1 -4.230480 -69.000080 0.158460 1.000001 0.000000 0.000000 0.000000 0.000000 -1.000001 0.000000 1.000000 0.000000 43093.dat
0 STEP
1 0 10.769560 -39.000090 0.158500 0.000000 -1.000001 0.000000 0.000000 0.000000 -1.000001 1.000000 0.000000 0.000000 32449.dat
1 0 0.769520 -39.000050 0.158510 0.000000 -1.000001 0.000000 0.000000 0.000000 -1.000001 1.000000 0.000000 0.000000 32449.dat
0 STEP
0 NOFILE
0 FILE holder
0 holder
0 Name:  holder
0 Author:  
0 CustomBrick
0 FlexibleBrickControlPointUnitLength -1
0 FlexibleBrickLockedControlPoint 
0 NumOfBricks:  13
1 71 2.333450 -12.376190 -22.495100 0.000000 0.000000 1.000000 0.000000 1.000003 0.000000 -1.000002 0.000000 0.000000 26287.dat
1 71 62.333350 -12.376190 -22.495100 1.000000 0.000000 0.000000 0.000000 1.000003 0.000000 0.000000 0.000000 1.000002 32073.dat
1 71 -57.666620 -12.376180 -22.495100 1.000000 0.000000 0.000000 0.000000 1.000003 0.000000 0.000000 0.000000 1.000002 32073.dat
0 STEP
1 14 -57.666620 -12.376180 -22.495100 1.000000 0.000000 0.000000 0.000000 0.000000 1.000000 0.000000 -1.000000 0.000000 6536.dat
1 14 62.333340 -12.376190 -22.495100 1.000000 0.000000 0.000000 0.000000 0.000001 1.000000 0.000000 -1.000000 0.000001 6536.dat
1 14 -37.666600 -12.376210 -22.495100 1.000000 0.000000 0.000000 0.000000 -0.522497 0.852637 0.000000 -0.852637 -0.522497 32013.dat
1 14 42.333260 -12.376370 -22.494390 1.000000 -0.000001 0.000001 -0.000001 -0.522496 0.852639 0.000000 -0.852636 -0.522496 32013.dat
0 STEP
1 71 -77.666600 -12.376190 -22.495100 0.000000 0.000000 -1.000000 1.000003 0.000000 0.000000 0.000000 -1.000002 0.000000 3713.dat
1 71 82.333340 -12.376190 -22.495100 0.000000 0.000000 1.000000 1.000003 0.000000 0.000000 0.000000 1.000002 0.000000 3713.dat
0 STEP
1 14 -97.666610 -12.376230 -22.495100 -1.000000 0.000000 0.000000 0.000000 0.000000 1.000000 0.000000 1.000000 -0.000001 6536.dat
1 14 102.333400 -12.376210 -22.494990 -1.000000 0.000000 0.000000 0.000000 0.000000 1.000003 0.000000 1.000002 0.000000 6536.dat
0 STEP
1 71 42.333200 -63.534190 8.855010 0.000001 0.000001 0.999999 0.852639 0.522496 -0.000001 -0.522496 0.852635 0.000000 32073.dat
1 71 -37.666680 -63.534190 8.855010 0.000000 0.000000 0.999999 0.852638 0.522497 0.000000 -0.522497 0.852635 0.000000 32073.dat
0 STEP
0 STEP
0 NOFILE
