0 FILE MOC-115303_bugsbycarlin_aquarium_v12.io
0 Untitled Model
0 Name:  MOC-115303_bugsbycarlin_aquarium_v12
0 Author:  
0 CustomBrick
0 FlexibleBrickControlPointUnitLength -1
0 FlexibleBrickLockedControlPoint 
0 NumOfBricks:  3779
0 STEP
0 STEP
0 STEP
0 STEP
0 STEP
0 STEP
0 STEP
0 STEP
0 STEP
0 STEP
1 16 264.513900 -44.157760 901.155000 0.422615 -0.000001 0.906310 0.000000 1.000000 0.000000 -0.906310 0.000000 0.422615 slide 3
1 16 1010.000000 7.832960 410.000000 1.000000 0.000000 0.000000 0.000000 1.000000 0.000000 0.000000 0.000000 1.000000 foundation ring copy
1 16 450.000000 7.832960 410.000000 1.000000 0.000000 0.000000 0.000000 1.000000 0.000000 0.000000 0.000000 1.000000 foundation ring
1 15 190.000000 -4.167040 300.000000 0.000000 0.000000 1.000000 0.000000 1.000000 0.000000 -1.000000 0.000000 0.000000 3795.dat
1 15 150.000000 -4.167040 300.000000 0.000000 0.000000 1.000000 0.000000 1.000000 0.000000 -1.000000 0.000000 0.000000 3795.dat
1 16 170.000000 3.832960 280.000000 1.000000 0.000000 0.000000 0.000000 1.000000 0.000000 0.000000 0.000000 1.000000 sled 1 copy 2
1 15 220.000000 -20.167040 300.000000 0.000000 0.000000 1.000000 0.000000 1.000000 0.000000 -1.000000 0.000000 0.000000 3023.dat
1 16 209.431000 -12.167040 142.138900 0.906308 0.000000 -0.422619 0.000000 1.000000 0.000000 0.422619 0.000000 0.906308 sled 1
1 15 246.293900 -28.167040 181.396000 0.422619 0.000000 0.906308 0.000000 1.000000 0.000000 -0.906308 0.000000 0.422619 3666.dat
1 15 246.293900 -36.167040 181.396000 0.422619 0.000000 0.906308 0.000000 1.000000 0.000000 -0.906308 0.000000 0.422619 3666.dat
1 15 331.396000 -20.167040 96.293960 -0.906306 0.000000 -0.422622 0.000000 1.000000 0.000000 0.422622 0.000000 -0.906306 3023.dat
1 15 331.396000 -28.167040 96.293960 0.906306 0.000000 0.422622 0.000000 1.000000 0.000000 -0.422622 0.000000 0.906306 3666.dat
1 15 295.144000 -52.167040 113.199000 0.906306 0.000000 0.422622 0.000000 1.000000 0.000000 -0.422622 0.000000 0.906306 98283.dat
1 15 450.000000 -20.167040 70.000020 -1.000000 0.000000 0.000001 0.000000 1.000000 0.000000 0.000000 0.000000 -1.000000 3023.dat
1 15 367.649000 -52.167040 79.388940 0.906306 0.000000 0.422622 0.000000 1.000000 0.000000 -0.422622 0.000000 0.906306 98283.dat
1 15 331.397000 -52.167040 96.293960 -0.906306 0.000000 -0.422622 0.000000 1.000000 0.000000 0.422622 0.000000 -0.906306 3023.dat
1 15 331.397000 -44.167040 96.293960 -0.906306 0.000000 -0.422622 0.000000 1.000000 0.000000 0.422622 0.000000 -0.906306 3023.dat
1 15 409.999000 -44.167040 70.001000 1.000000 0.000000 0.000002 0.000000 1.000000 0.000000 -0.000002 0.000000 1.000000 98283.dat
1 15 450.000000 -44.167040 70.000020 1.000000 0.000000 0.000002 0.000000 1.000000 0.000000 -0.000002 0.000000 1.000000 98283.dat
1 15 489.998200 -44.167040 70.001000 1.000000 0.000000 0.000002 0.000000 1.000000 0.000000 -0.000002 0.000000 1.000000 98283.dat
1 15 410.000000 -52.167040 70.001000 -1.000000 0.000000 -0.000002 0.000000 1.000000 0.000000 0.000002 0.000000 -1.000000 3023.dat
1 15 489.998200 -52.167040 70.001000 -1.000000 0.000000 -0.000002 0.000000 1.000000 0.000000 0.000002 0.000000 -1.000000 3023.dat
1 16 328.392100 -28.167040 42.525890 0.422622 0.000000 -0.906306 0.000000 1.000000 0.000000 0.906306 0.000000 0.422622 sled 1 copy 3
1 16 470.000000 -44.167040 20.000010 0.000002 0.000000 -1.000000 0.000000 1.000000 0.000000 1.000000 0.000000 0.000002 sled 1 copy 5
1 15 568.603000 -20.167040 96.294940 -0.906308 0.000000 0.422618 0.000000 1.000000 0.000000 -0.422618 0.000000 -0.906308 3023.dat
1 15 604.856000 -44.167040 113.200000 0.906307 0.000000 -0.422619 0.000000 1.000000 0.000000 0.422619 0.000000 0.906307 98283.dat
1 15 568.603000 -44.167040 96.294940 0.906307 0.000000 -0.422619 0.000000 1.000000 0.000000 0.422619 0.000000 0.906307 98283.dat
1 15 532.351000 -44.167040 79.389910 0.906307 0.000000 -0.422619 0.000000 1.000000 0.000000 0.422619 0.000000 0.906307 98283.dat
1 15 532.351000 -68.167040 79.389910 0.906307 0.000000 -0.422619 0.000000 1.000000 0.000000 0.422619 0.000000 0.906307 98283.dat
1 15 604.856000 -68.167040 113.200000 0.906307 0.000000 -0.422619 0.000000 1.000000 0.000000 0.422619 0.000000 0.906307 98283.dat
1 15 568.603000 -52.167040 96.294940 -0.906308 0.000000 0.422619 0.000000 1.000000 0.000000 -0.422619 0.000000 -0.906308 3023.dat
1 15 568.603000 -60.167040 96.294940 -0.906307 0.000000 0.422619 0.000000 1.000000 0.000000 -0.422619 0.000000 -0.906307 3023.dat
1 16 607.860000 -60.167040 59.431900 -0.422619 0.000000 -0.906307 0.000000 1.000000 0.000000 0.906307 0.000000 -0.422619 sled 1 copy 4
1 16 220.000000 -20.167040 290.001000 1.000000 0.000000 0.000000 0.000000 1.000000 0.000000 0.000000 0.000000 1.000000 window 1 copy
1 16 250.520000 -36.167040 172.333000 0.906308 0.000000 -0.422618 0.000000 1.000000 0.000000 0.422618 0.000000 0.906308 window 1 copy 5
1 16 340.458900 -52.167040 92.068130 0.422623 0.000000 -0.906306 0.000000 1.000000 0.000000 0.906306 0.000000 0.422623 window 1 copy 2
1 16 460.001000 -68.167040 70.000020 0.000003 0.000000 -1.000000 0.000000 1.000000 0.000000 1.000000 0.000000 0.000003 window 1 copy 3
1 15 449.998200 -60.167040 70.001000 -1.000000 0.000000 -0.000002 0.000000 1.000000 0.000000 0.000002 0.000000 -1.000000 3666.dat
1 15 449.998200 -68.167040 70.001000 -1.000000 0.000000 -0.000002 0.000000 1.000000 0.000000 0.000002 0.000000 -1.000000 3666.dat
1 15 568.603000 -76.167040 96.294940 -0.906308 0.000000 0.422619 0.000000 1.000000 0.000000 -0.422619 0.000000 -0.906308 3666.dat
1 15 568.603000 -84.167040 96.294940 -0.906307 0.000000 0.422619 0.000000 1.000000 0.000000 -0.422619 0.000000 -0.906307 3666.dat
1 16 577.666000 -84.167040 100.521000 -0.422618 0.000000 -0.906308 0.000000 1.000000 0.000000 0.906308 0.000000 -0.422618 window 1 copy 4
1 15 653.704100 -20.167040 181.396000 -0.422628 0.000000 0.906303 0.000000 1.000000 0.000000 -0.906303 0.000000 -0.422628 3023.dat
1 15 636.800000 -44.167040 145.144100 0.422625 0.000000 -0.906305 0.000000 1.000000 0.000000 0.906305 0.000000 0.422625 98283.dat
1 15 636.799000 -68.167040 145.144100 0.422625 0.000000 -0.906305 0.000000 1.000000 0.000000 0.906305 0.000000 0.422625 98283.dat
1 15 636.800000 -92.167040 145.144100 0.422625 0.000000 -0.906305 0.000000 1.000000 0.000000 0.906305 0.000000 0.422625 98283.dat
1 15 670.609900 -44.167040 217.647900 0.422625 0.000000 -0.906305 0.000000 1.000000 0.000000 0.906305 0.000000 0.422625 98283.dat
1 15 670.609900 -68.167040 217.648900 0.422625 0.000000 -0.906305 0.000000 1.000000 0.000000 0.906305 0.000000 0.422625 98283.dat
1 15 670.609900 -92.167040 217.648900 0.422625 0.000000 -0.906305 0.000000 1.000000 0.000000 0.906305 0.000000 0.422625 98283.dat
1 15 653.704100 -44.167040 181.396000 0.422625 0.000000 -0.906305 0.000000 1.000000 0.000000 0.906305 0.000000 0.422625 98283.dat
1 15 653.705100 -68.167040 181.396000 0.422625 0.000000 -0.906305 0.000000 1.000000 0.000000 0.906305 0.000000 0.422625 98283.dat
1 15 653.705100 -76.167040 181.396000 -0.422625 0.000000 0.906305 0.000000 1.000000 0.000000 -0.906305 0.000000 -0.422625 3023.dat
1 15 653.705100 -92.167040 181.396000 -0.422625 0.000000 0.906305 0.000000 1.000000 0.000000 -0.906305 0.000000 -0.422625 3023.dat
1 15 653.705100 -100.167000 181.396000 -0.422625 0.000000 0.906305 0.000000 1.000000 0.000000 -0.906305 0.000000 -0.422625 3666.dat
1 16 657.931200 -100.167000 190.460000 -0.906305 0.000000 -0.422626 0.000000 1.000000 0.000000 0.422626 0.000000 -0.906305 window 1
1 15 237.230900 -20.167040 177.169900 0.906308 0.000000 -0.422619 0.000000 1.000000 0.000000 0.422619 0.000000 0.906308 3795.dat
1 15 327.170200 -36.167040 87.230960 0.422622 0.000000 -0.906306 0.000000 1.000000 0.000000 0.906306 0.000000 0.422622 3795.dat
1 15 450.000000 -52.167040 60.000020 0.000002 0.000000 -1.000000 0.000000 1.000000 0.000000 1.000000 0.000000 0.000002 3795.dat
1 15 572.829000 -68.167040 87.231950 -0.422619 0.000000 -0.906307 0.000000 1.000000 0.000000 0.906307 0.000000 -0.422619 3795.dat
1 15 662.768100 -84.167040 177.169000 -0.906305 0.000000 -0.422625 0.000000 1.000000 0.000000 0.422625 0.000000 -0.906305 3795.dat
1 16 707.473200 -76.167060 178.389900 -0.906305 0.000000 -0.422625 0.000000 1.000000 0.000000 0.422625 0.000000 -0.906305 sled 2
1 15 680.000000 -20.167040 300.000000 0.000000 0.000000 1.000000 0.000000 1.000000 0.000000 -1.000000 0.000000 0.000000 3023.dat
1 15 680.000000 -44.167040 340.000000 0.000000 0.000000 -1.000000 0.000000 1.000000 0.000000 1.000000 0.000000 0.000000 98283.dat
1 15 680.000000 -68.167040 340.000000 0.000000 0.000000 -1.000000 0.000000 1.000000 0.000000 1.000000 0.000000 0.000000 98283.dat
1 15 680.000000 -92.167040 340.000000 0.000000 0.000000 -1.000000 0.000000 1.000000 0.000000 1.000000 0.000000 0.000000 98283.dat
1 15 680.000000 -116.167000 340.000000 0.000000 0.000000 -1.000000 0.000000 1.000000 0.000000 1.000000 0.000000 0.000000 98283.dat
1 15 680.000000 -44.167040 260.000000 0.000000 0.000000 -1.000000 0.000000 1.000000 0.000000 1.000000 0.000000 0.000000 98283.dat
1 15 680.000000 -68.167040 260.000000 0.000000 0.000000 -1.000000 0.000000 1.000000 0.000000 1.000000 0.000000 0.000000 98283.dat
1 15 680.000000 -92.167040 260.000000 0.000000 0.000000 -1.000000 0.000000 1.000000 0.000000 1.000000 0.000000 0.000000 98283.dat
1 15 680.000000 -116.167000 260.000000 0.000000 0.000000 -1.000000 0.000000 1.000000 0.000000 1.000000 0.000000 0.000000 98283.dat
1 15 680.000000 -44.167040 300.000000 0.000000 0.000000 -1.000000 0.000000 1.000000 0.000000 1.000000 0.000000 0.000000 98283.dat
1 15 680.000000 -68.167040 300.000000 0.000000 0.000000 -1.000000 0.000000 1.000000 0.000000 1.000000 0.000000 0.000000 98283.dat
1 15 680.000000 -92.167040 300.000000 0.000000 0.000000 -1.000000 0.000000 1.000000 0.000000 1.000000 0.000000 0.000000 98283.dat
1 15 690.000000 -100.167000 300.000000 -1.000000 0.000000 0.000000 0.000000 1.000000 0.000000 0.000000 0.000000 -1.000000 3795.dat
1 15 680.000000 -108.167000 300.000000 0.000000 0.000000 1.000000 0.000000 1.000000 0.000000 -1.000000 0.000000 0.000000 3023.dat
1 15 680.000000 -116.167000 300.000000 0.000000 0.000000 1.000000 0.000000 1.000000 0.000000 -1.000000 0.000000 0.000000 3023.dat
1 16 730.000000 -92.167040 329.999000 1.000000 0.000000 0.000000 0.000000 1.000000 0.000000 0.000000 0.000000 1.000000 sled 3
1 15 780.000000 -44.167040 259.996100 0.000000 0.000000 1.000000 0.000000 1.000000 0.000000 -1.000000 0.000000 0.000000 98283.dat
1 15 780.000000 -68.167040 260.000000 0.000000 0.000000 1.000000 0.000000 1.000000 0.000000 -1.000000 0.000000 0.000000 98283.dat
1 15 780.000000 -92.167040 260.000000 0.000000 0.000000 1.000000 0.000000 1.000000 0.000000 -1.000000 0.000000 0.000000 98283.dat
1 15 780.000000 -116.167000 260.000000 0.000000 0.000000 1.000000 0.000000 1.000000 0.000000 -1.000000 0.000000 0.000000 98283.dat
1 15 780.000000 -44.167040 340.000000 0.000000 0.000000 1.000000 0.000000 1.000000 0.000000 -1.000000 0.000000 0.000000 98283.dat
1 15 780.000000 -68.167040 340.000000 0.000000 0.000000 1.000000 0.000000 1.000000 0.000000 -1.000000 0.000000 0.000000 98283.dat
1 15 780.000000 -92.167040 340.000000 0.000000 0.000000 1.000000 0.000000 1.000000 0.000000 -1.000000 0.000000 0.000000 98283.dat
1 15 780.000000 -116.167000 340.000000 0.000000 0.000000 1.000000 0.000000 1.000000 0.000000 -1.000000 0.000000 0.000000 98283.dat
1 15 780.000000 -44.167040 300.000000 0.000000 0.000000 1.000000 0.000000 1.000000 0.000000 -1.000000 0.000000 0.000000 98283.dat
1 15 780.000000 -68.167040 300.000000 0.000000 0.000000 1.000000 0.000000 1.000000 0.000000 -1.000000 0.000000 0.000000 98283.dat
1 15 780.000000 -92.167040 300.000000 0.000000 0.000000 1.000000 0.000000 1.000000 0.000000 -1.000000 0.000000 0.000000 98283.dat
1 15 780.000000 -108.167000 300.000000 0.000000 0.000000 -1.000000 0.000000 1.000000 0.000000 1.000000 0.000000 0.000000 3023.dat
1 15 780.000000 -116.167000 300.000000 0.000000 0.000000 -1.000000 0.000000 1.000000 0.000000 1.000000 0.000000 0.000000 3023.dat
1 15 780.000000 -20.167040 300.000000 0.000000 0.000000 -1.000000 0.000000 1.000000 0.000000 1.000000 0.000000 0.000000 3023.dat
1 15 790.000000 -100.167000 300.000000 1.000000 0.000000 0.000000 0.000000 1.000000 0.000000 0.000000 0.000000 1.000000 3020.dat
1 15 806.294000 -20.167040 418.605000 0.422623 0.000000 -0.906306 0.000000 1.000000 0.000000 0.906306 0.000000 0.422623 3023.dat
1 15 789.389300 -44.167040 382.352100 -0.422622 0.000000 0.906306 0.000000 1.000000 0.000000 -0.906306 0.000000 -0.422622 98283.dat
1 15 789.390100 -92.167040 382.354000 -0.422623 0.000000 0.906307 0.000000 1.000000 0.000000 -0.906308 0.000000 -0.422623 98283.dat
1 15 789.390100 -68.167040 382.353000 -0.422622 0.000000 0.906306 0.000000 1.000000 0.000000 -0.906306 0.000000 -0.422622 98283.dat
1 15 789.390100 -116.167000 382.354000 -0.422622 0.000000 0.906305 0.000000 1.000000 0.000000 -0.906306 0.000000 -0.422622 98283.dat
1 15 806.294000 -44.167040 418.605000 -0.422623 0.000000 0.906306 0.000000 1.000000 0.000000 -0.906306 0.000000 -0.422623 98283.dat
1 15 806.295900 -92.167040 418.606000 -0.422623 0.000000 0.906308 0.000000 1.000000 0.000000 -0.906308 0.000000 -0.422623 98283.dat
1 15 806.295900 -68.167040 418.605000 -0.422622 0.000000 0.906306 0.000000 1.000000 0.000000 -0.906306 0.000000 -0.422622 98283.dat
1 15 823.198900 -44.167040 454.856900 -0.422623 0.000000 0.906306 0.000000 1.000000 0.000000 -0.906306 0.000000 -0.422623 98283.dat
1 15 823.201200 -92.167040 454.858900 -0.422623 0.000000 0.906307 0.000000 1.000000 0.000000 -0.906308 0.000000 -0.422623 98283.dat
1 15 823.200000 -68.167040 454.858900 -0.422622 0.000000 0.906306 0.000000 1.000000 0.000000 -0.906306 0.000000 -0.422623 98283.dat
1 15 823.200000 -116.167000 454.858900 -0.422622 0.000000 0.906305 0.000000 1.000000 0.000000 -0.906306 0.000000 -0.422622 98283.dat
1 15 806.295900 -100.167000 418.606000 0.422622 0.000000 -0.906306 0.000000 1.000000 0.000000 0.906306 0.000000 0.422622 3023.dat
1 15 806.295900 -108.167000 418.606000 0.422622 0.000000 -0.906306 0.000000 1.000000 0.000000 0.906306 0.000000 0.422622 3023.dat
1 15 797.232900 -116.167000 422.833000 -0.906306 0.000000 -0.422622 0.000000 1.000000 0.000000 0.422622 0.000000 -0.906306 3795.dat
1 15 806.295900 -124.167000 418.607000 0.422623 0.000000 -0.906306 0.000000 1.000000 0.000000 0.906306 0.000000 0.422623 3666.dat
1 15 806.295900 -132.167000 418.607000 0.422623 0.000000 -0.906306 0.000000 1.000000 0.000000 0.906306 0.000000 0.422623 3666.dat
1 16 769.433100 -108.167000 457.864000 -0.906306 0.000000 -0.422622 0.000000 1.000000 0.000000 0.422622 0.000000 -0.906306 sled 4 copy
1 15 891.395300 -20.167040 503.706100 0.906307 0.000000 -0.422620 0.000000 1.000000 0.000000 0.422620 0.000000 0.906307 3023.dat
1 15 855.143100 -44.167040 486.801000 -0.906307 0.000000 0.422621 0.000000 1.000000 0.000000 -0.422621 0.000000 -0.906307 98283.dat
1 15 855.146000 -92.167040 486.802000 -0.906308 0.000000 0.422621 0.000000 1.000000 0.000000 -0.422622 0.000000 -0.906308 98283.dat
1 15 855.145000 -68.167040 486.802000 -0.906306 0.000000 0.422621 0.000000 1.000000 0.000000 -0.422621 0.000000 -0.906307 98283.dat
1 15 855.146000 -116.167000 486.802000 -0.906306 0.000000 0.422620 0.000000 1.000000 0.000000 -0.422621 0.000000 -0.906306 98283.dat
1 15 891.395300 -44.167040 503.706100 -0.906307 0.000000 0.422620 0.000000 1.000000 0.000000 -0.422620 0.000000 -0.906307 98283.dat
1 15 891.397200 -92.167040 503.707000 -0.906308 0.000000 0.422621 0.000000 1.000000 0.000000 -0.422621 0.000000 -0.906308 98283.dat
1 15 891.396500 -68.167040 503.707000 -0.906306 0.000000 0.422620 0.000000 1.000000 0.000000 -0.422620 0.000000 -0.906307 98283.dat
1 15 891.396900 -116.167000 503.707000 -0.906306 0.000000 0.422620 0.000000 1.000000 0.000000 -0.422620 0.000000 -0.906306 98283.dat
1 15 927.647900 -44.167040 520.611100 -0.906307 0.000000 0.422620 0.000000 1.000000 0.000000 -0.422620 0.000000 -0.906307 98283.dat
1 15 927.649900 -92.167040 520.612100 -0.906308 0.000000 0.422621 0.000000 1.000000 0.000000 -0.422621 0.000000 -0.906308 98283.dat
1 15 927.649200 -68.167040 520.612100 -0.906306 0.000000 0.422620 0.000000 1.000000 0.000000 -0.422620 0.000000 -0.906307 98283.dat
1 15 927.649700 -116.167000 520.612100 -0.906306 0.000000 0.422620 0.000000 1.000000 0.000000 -0.422620 0.000000 -0.906306 98283.dat
1 15 891.396900 -124.167000 503.707000 0.906307 0.000000 -0.422621 0.000000 1.000000 0.000000 0.422621 0.000000 0.906307 3023.dat
1 15 887.170600 -132.167000 512.770000 -0.422621 0.000000 -0.906307 0.000000 1.000000 0.000000 0.906307 0.000000 -0.422621 3795.dat
1 15 927.649700 -124.167000 520.612100 0.906307 0.000000 -0.422621 0.000000 1.000000 0.000000 0.422621 0.000000 0.906307 3023.dat
1 15 927.649700 -132.167000 520.612100 0.906307 0.000000 -0.422621 0.000000 1.000000 0.000000 0.422621 0.000000 0.906307 3023.dat
1 15 855.145000 -124.167000 486.802000 0.906307 0.000000 -0.422621 0.000000 1.000000 0.000000 0.422621 0.000000 0.906307 3023.dat
1 15 855.145000 -132.167000 486.802000 0.906307 0.000000 -0.422621 0.000000 1.000000 0.000000 0.422621 0.000000 0.906307 3023.dat
1 15 891.396900 -140.167000 503.707000 0.906307 0.000000 -0.422621 0.000000 1.000000 0.000000 0.422621 0.000000 0.906307 3666.dat
1 15 891.397200 -148.167000 503.707000 0.906307 0.000000 -0.422621 0.000000 1.000000 0.000000 0.422621 0.000000 0.906307 3666.dat
1 16 888.392000 -124.167000 557.475100 -0.422621 0.000000 -0.906307 0.000000 1.000000 0.000000 0.906307 0.000000 -0.422621 sled 4 copy 9
1 15 1010.000000 -20.167040 530.000000 1.000000 0.000000 0.000000 0.000000 1.000000 0.000000 0.000000 0.000000 1.000000 3023.dat
1 16 1030.000000 -140.167000 580.000000 0.000000 0.000000 -1.000000 0.000000 1.000000 0.000000 1.000000 0.000000 0.000000 sled 4 copy 2
1 15 1128.605000 -20.167040 503.706100 0.906305 0.000000 0.422625 0.000000 1.000000 0.000000 -0.422625 0.000000 0.906305 3023.dat
1 15 1128.605000 -28.167040 503.706100 0.906305 0.000000 0.422625 0.000000 1.000000 0.000000 -0.422625 0.000000 0.906305 3666.dat
1 15 1128.605000 -36.167040 503.707000 0.906305 0.000000 0.422624 0.000000 1.000000 0.000000 -0.422625 0.000000 0.906305 3666.dat
1 16 1167.866000 -156.167000 540.563000 0.422625 0.000000 -0.906305 0.000000 1.000000 0.000000 0.906305 0.000000 0.422625 sled 4 copy 3
1 15 1196.800000 -44.167040 454.860100 -0.422619 0.000000 -0.906306 0.000000 1.000000 0.000000 0.906305 0.000000 -0.422621 98283.dat
1 15 1213.706000 -44.167040 418.605000 -0.422621 0.000000 -0.906306 0.000000 1.000000 0.000000 0.906306 0.000000 -0.422621 98283.dat
1 15 1230.611000 -44.167040 382.352100 -0.422620 0.000000 -0.906306 0.000000 1.000000 0.000000 0.906306 0.000000 -0.422620 98283.dat
1 15 1213.706000 -20.167040 418.604000 0.422620 0.000000 0.906307 0.000000 1.000000 0.000000 -0.906307 0.000000 0.422620 3023.dat
1 15 1213.706000 -52.167040 418.606000 0.422621 0.000000 0.906307 0.000000 1.000000 0.000000 -0.906307 0.000000 0.422621 3666.dat
1 16 1130.000000 -40.167040 500.000000 0.906305 0.000000 0.422624 0.000000 1.000000 0.000000 -0.422624 0.000000 0.906305 lower window
1 16 1012.825000 -24.167040 527.235100 1.000000 0.000000 0.000000 0.000000 1.000000 0.000000 0.000000 0.000000 1.000000 lower window
1 16 1212.392000 -56.167040 414.870100 0.422621 0.000000 0.906307 0.000000 1.000000 0.000000 -0.906307 0.000000 0.422621 lower window
1 16 1267.472000 -172.167000 421.604000 0.906307 0.000000 -0.422620 0.000000 1.000000 0.000000 0.422620 0.000000 0.906307 sled 4 copy 4
1 15 1240.000000 -44.167040 339.999000 0.000000 0.000000 -1.000000 0.000000 1.000000 0.000000 0.999999 0.000000 0.000000 98283.dat
1 15 1240.000000 -44.167040 300.002000 0.000000 0.000000 -1.000000 0.000000 1.000000 0.000000 1.000000 0.000000 0.000000 98283.dat
1 15 1240.000000 -44.167040 260.000000 0.000000 0.000000 -1.000000 0.000000 1.000000 0.000000 1.000000 0.000000 0.000000 98283.dat
1 15 1240.000000 -68.167040 339.996100 0.000000 0.000000 -1.000000 0.000000 1.000000 0.000000 0.999999 0.000000 0.000000 98283.dat
1 15 1240.000000 -68.167040 300.002000 0.000000 0.000000 -1.000000 0.000000 1.000000 0.000000 1.000000 0.000000 0.000000 98283.dat
1 15 1240.000000 -68.167040 260.000000 0.000000 0.000000 -1.000000 0.000000 1.000000 0.000000 1.000000 0.000000 0.000000 98283.dat
1 15 1240.000000 -20.167040 300.002000 0.000000 0.000000 1.000000 0.000000 1.000000 0.000000 -1.000000 0.000000 0.000000 3023.dat
1 16 1237.230000 -72.167040 297.168900 0.000000 0.000000 1.000000 0.000000 1.000000 0.000000 -1.000000 0.000000 0.000000 lower window
1 16 1289.995000 -188.167000 279.991900 1.000002 0.000000 0.000000 0.000000 1.000000 0.000000 -0.000001 0.000000 1.000001 sled 4 copy 5
1 15 1230.612000 -44.167040 217.648900 0.422624 0.000000 -0.906304 0.000000 1.000000 0.000000 0.906304 0.000000 0.422624 98283.dat
1 15 1213.708000 -44.167040 181.395000 0.422625 0.000000 -0.906305 0.000000 1.000000 0.000000 0.906305 0.000000 0.422624 98283.dat
1 15 1196.800000 -44.167040 145.144100 0.422625 0.000000 -0.906305 0.000000 1.000000 0.000000 0.906305 0.000000 0.422625 98283.dat
1 15 1230.610000 -68.167060 217.643100 0.422625 0.000000 -0.906305 0.000000 1.000000 0.000000 0.906303 0.000000 0.422625 98283.dat
1 15 1213.708000 -68.167060 181.395000 0.422625 0.000000 -0.906305 0.000000 1.000000 0.000000 0.906305 0.000000 0.422625 98283.dat
1 15 1196.802000 -68.167060 145.144100 0.422625 0.000000 -0.906305 0.000000 1.000000 0.000000 0.906305 0.000000 0.422625 98283.dat
1 15 1213.708000 -20.167040 181.395000 -0.422624 0.000000 0.906305 0.000000 1.000000 0.000000 -0.906305 0.000000 -0.422624 3023.dat
1 15 1128.603000 -20.167040 96.294940 -0.906308 0.000000 0.422618 0.000000 1.000000 0.000000 -0.422618 0.000000 -0.906308 3023.dat
1 15 1010.000000 -20.167040 70.000020 -1.000000 0.000000 0.000000 0.000000 1.000000 0.000000 0.000000 0.000000 -1.000000 3023.dat
1 15 891.396500 -20.167040 96.293960 -0.906306 0.000000 -0.422622 0.000000 1.000000 0.000000 0.422622 0.000000 -0.906306 3023.dat
1 15 806.294000 -20.167040 181.396000 -0.422619 0.000000 -0.906308 0.000000 1.000000 0.000000 0.906308 0.000000 -0.422619 3023.dat
1 15 1213.708000 -76.167060 181.395000 -0.422625 0.000000 0.906305 0.000000 1.000000 0.000000 -0.906305 0.000000 -0.422625 3666.dat
1 15 1213.708000 -84.167040 181.395000 -0.422625 0.000000 0.906305 0.000000 1.000000 0.000000 -0.906305 0.000000 -0.422625 3666.dat
1 15 1164.856000 -44.167040 113.200000 0.906307 0.000000 -0.422619 0.000000 1.000000 0.000000 0.422619 0.000000 0.906307 98283.dat
1 15 1128.605000 -44.167040 96.295920 0.906308 0.000000 -0.422620 0.000000 1.000000 0.000000 0.422619 0.000000 0.906308 98283.dat
1 15 1092.351000 -44.167040 79.394060 0.906308 0.000000 -0.422619 0.000000 1.000000 0.000000 0.422619 0.000000 0.906309 98283.dat
1 15 1164.856000 -68.167040 113.200000 0.906307 0.000000 -0.422619 0.000000 1.000000 0.000000 0.422619 0.000000 0.906307 98283.dat
1 15 1128.605000 -68.167040 96.294940 0.906309 0.000000 -0.422620 0.000000 1.000000 0.000000 0.422620 0.000000 0.906308 98283.dat
1 15 1092.351000 -68.167040 79.394060 0.906309 0.000000 -0.422620 0.000000 1.000000 0.000000 0.422620 0.000000 0.906309 98283.dat
1 15 1164.856000 -92.167040 113.200000 0.906307 0.000000 -0.422619 0.000000 1.000000 0.000000 0.422619 0.000000 0.906307 98283.dat
1 15 1128.604000 -92.167040 96.292980 0.906309 0.000000 -0.422620 0.000000 1.000000 0.000000 0.422620 0.000000 0.906308 98283.dat
1 15 1092.350000 -92.167040 79.392100 0.906309 0.000000 -0.422620 0.000000 1.000000 0.000000 0.422620 0.000000 0.906308 98283.dat
1 16 1210.002000 -88.167040 180.000000 -0.422625 0.000000 0.906305 0.000000 1.000000 0.000000 -0.906305 0.000000 -0.422625 lower window
1 16 1250.561000 -204.167000 142.127900 0.906310 0.000000 0.422627 0.000000 1.000000 0.000000 -0.422626 0.000000 0.906307 sled 4 copy 6
1 15 1128.602000 -100.167000 96.295920 -0.906308 0.000000 0.422619 0.000000 1.000000 0.000000 -0.422619 0.000000 -0.906308 3666.dat
1 16 1124.866000 -104.167000 97.610130 -0.906308 0.000000 0.422619 0.000000 1.000000 0.000000 -0.422619 0.000000 -0.906308 lower window
1 16 1131.593000 -220.167100 42.529060 0.422622 0.000000 0.906310 0.000000 1.000000 0.000000 -0.906312 0.000000 0.422619 sled 4 copy 7
1 15 1049.998000 -44.167040 69.996110 1.000000 0.000000 0.000000 0.000000 1.000000 0.000000 0.000000 0.000000 0.999999 98283.dat
1 15 1010.000000 -44.167040 69.998050 1.000000 0.000000 0.000000 0.000000 1.000000 0.000000 0.000000 0.000000 1.000000 98283.dat
1 15 969.999300 -44.167040 70.001000 1.000000 0.000000 0.000000 0.000000 1.000000 0.000000 0.000000 0.000000 1.000000 98283.dat
1 15 1049.998000 -68.167040 69.993920 1.000000 0.000000 0.000000 0.000000 1.000000 0.000000 0.000000 0.000000 0.999999 98283.dat
1 15 1010.000000 -68.167040 69.998050 1.000000 0.000000 0.000000 0.000000 1.000000 0.000000 0.000000 0.000000 1.000000 98283.dat
1 15 969.999300 -68.167040 70.001000 1.000000 0.000000 0.000001 0.000000 1.000000 0.000000 0.000000 0.000000 1.000000 98283.dat
1 15 1049.998000 -92.167040 69.995140 1.000000 0.000000 0.000000 0.000000 1.000000 0.000000 0.000000 0.000000 0.999999 98283.dat
1 15 1010.000000 -92.167040 69.998050 1.000000 0.000000 0.000000 0.000000 1.000000 0.000000 0.000000 0.000000 1.000000 98283.dat
1 15 969.999300 -92.167040 70.001000 1.000000 0.000000 0.000000 0.000000 1.000000 0.000000 0.000000 0.000000 1.000000 98283.dat
1 15 1049.998000 -116.167000 69.995140 1.000000 0.000000 0.000000 0.000000 1.000000 0.000000 0.000000 0.000000 0.999999 98283.dat
1 15 1010.000000 -116.167000 69.998050 1.000000 0.000000 0.000000 0.000000 1.000000 0.000000 0.000000 0.000000 1.000000 98283.dat
1 15 969.999300 -116.167000 70.001000 1.000000 0.000000 0.000000 0.000000 1.000000 0.000000 0.000000 0.000000 1.000000 98283.dat
1 16 1007.169000 -120.167000 72.771020 -1.000000 0.000000 0.000000 0.000000 1.000000 0.000000 0.000000 0.000000 -1.000001 lower window
1 16 989.990700 -236.167100 20.012950 0.000000 0.000000 1.000002 0.000000 1.000000 0.000000 -1.000006 0.000000 -0.000003 sled 4
1 15 927.646900 -44.167040 79.385020 0.906303 0.000000 0.422624 0.000000 1.000000 0.000000 -0.422625 0.000000 0.906306 98283.dat
1 15 891.398200 -44.167040 96.290050 0.906304 0.000000 0.422624 0.000000 1.000000 0.000000 -0.422625 0.000000 0.906307 98283.dat
1 15 855.144000 -44.167040 113.199000 0.906305 0.000000 0.422625 0.000000 1.000000 0.000000 -0.422625 0.000000 0.906305 98283.dat
1 15 927.645300 -68.167040 79.386980 0.906303 0.000000 0.422624 0.000000 1.000000 0.000000 -0.422625 0.000000 0.906306 98283.dat
1 15 891.398400 -68.167040 96.291030 0.906305 0.000000 0.422624 0.000000 1.000000 0.000000 -0.422626 0.000000 0.906308 98283.dat
1 15 855.144000 -68.167040 113.199000 0.906306 0.000000 0.422625 0.000000 1.000000 0.000000 -0.422626 0.000000 0.906305 98283.dat
1 15 927.646500 -92.167040 79.384050 0.906303 0.000000 0.422624 0.000000 1.000000 0.000000 -0.422625 0.000000 0.906306 98283.dat
1 15 891.398400 -92.167040 96.289080 0.906304 0.000000 0.422624 0.000000 1.000000 0.000000 -0.422625 0.000000 0.906308 98283.dat
1 15 855.144000 -92.167040 113.199000 0.906305 0.000000 0.422625 0.000000 1.000000 0.000000 -0.422625 0.000000 0.906305 98283.dat
1 15 927.647300 -116.167000 79.384050 0.906303 0.000000 0.422624 0.000000 1.000000 0.000000 -0.422625 0.000000 0.906306 98283.dat
1 15 891.398200 -116.167000 96.290050 0.906304 0.000000 0.422624 0.000000 1.000000 0.000000 -0.422625 0.000000 0.906308 98283.dat
1 15 855.144000 -116.167000 113.199000 0.906305 0.000000 0.422625 0.000000 1.000000 0.000000 -0.422625 0.000000 0.906305 98283.dat
1 15 891.396500 -124.167000 96.293960 -0.906305 0.000000 -0.422623 0.000000 1.000000 0.000000 0.422623 0.000000 -0.906305 3666.dat
1 15 891.396500 -132.167000 96.293960 -0.906305 0.000000 -0.422623 0.000000 1.000000 0.000000 0.422623 0.000000 -0.906306 3666.dat
1 16 890.003900 -136.167000 100.006100 -0.906305 0.000000 -0.422623 0.000000 1.000000 0.000000 0.422624 0.000000 -0.906305 lower window
1 16 852.140100 -252.167100 59.450940 -0.422626 0.000000 0.906306 0.000000 1.000000 0.000000 -0.906311 0.000000 -0.422626 sled 4 copy 8
1 43 806.294000 -140.167000 181.396000 -0.422619 0.000000 -0.906308 0.000000 1.000000 0.000000 0.906308 0.000000 -0.422619 59349.dat
1 15 827.425000 -148.167000 136.081100 0.906308 0.000000 -0.422619 0.000000 1.000000 0.000000 0.422619 0.000000 0.906308 3024.dat
1 15 785.163100 -148.167000 226.711000 0.906308 0.000000 -0.422619 0.000000 1.000000 0.000000 0.422619 0.000000 0.906308 3024.dat
1 15 806.294000 -148.167000 181.396000 0.422619 0.000000 0.906308 0.000000 1.000000 0.000000 -0.906308 0.000000 0.422619 2431.dat
1 16 807.607900 -152.167000 185.132100 -0.422619 0.000000 -0.906308 0.000000 1.000000 0.000000 0.906308 0.000000 -0.422619 lower window
1 16 752.532000 -268.167100 178.406000 -0.906313 0.000000 0.422617 0.000000 1.000000 0.000000 -0.422621 0.000000 -0.906309 sled 5
1 15 780.000000 -140.167000 260.000000 0.000000 0.000000 1.000000 0.000000 1.000000 0.000000 -1.000000 0.000000 0.000000 98283.dat
1 15 780.000000 -140.167000 300.000000 0.000000 0.000000 1.000000 0.000000 1.000000 0.000000 -1.000000 0.000000 0.000000 98283.dat
1 15 780.000000 -140.167000 340.000000 0.000000 0.000000 1.000000 0.000000 1.000000 0.000000 -1.000000 0.000000 0.000000 98283.dat
1 15 780.000000 -276.167100 300.000000 0.000000 0.000000 -1.000000 0.000000 1.000000 0.000000 1.000000 0.000000 0.000000 3666.dat
1 15 780.000900 -284.167100 299.999000 0.000000 0.000000 -1.000000 0.000000 1.000000 0.000000 1.000000 0.000000 0.000000 3666.dat
1 15 779.998000 -148.167000 250.003000 1.000000 0.000000 0.000000 0.000000 1.000000 0.000000 0.000000 0.000000 0.999998 3024.dat
1 15 780.000000 -148.167000 350.000000 1.000000 0.000000 0.000000 0.000000 1.000000 0.000000 0.000000 0.000000 1.000000 3024.dat
1 15 780.000000 -148.167000 300.000000 0.000000 0.000000 1.000000 0.000000 1.000000 0.000000 -1.000000 0.000000 0.000000 2431.dat
0 STEP
1 19 1010.000000 3.832960 300.000000 1.000000 0.000000 0.000000 0.000000 1.000000 0.000000 0.000000 0.000000 1.000000 3811.dat
1 19 370.000000 3.832960 940.000000 1.000000 0.000000 0.000000 0.000000 1.000000 0.000000 0.000000 0.000000 1.000000 3811.dat
1 19 370.000000 3.832960 300.000000 0.000000 0.000000 1.000000 0.000000 1.000000 0.000000 -1.000000 0.000000 0.000000 3811.dat
0 STEP
1 29 1230.000000 -4.167040 520.000000 1.000000 0.000000 0.000000 0.000000 1.000000 0.000000 0.000000 0.000000 1.000000 3068b.dat
1 29 1190.000000 -4.167040 560.000000 1.000000 0.000000 0.000000 0.000000 1.000000 0.000000 0.000000 0.000000 1.000000 3068b.dat
1 29 1150.000000 -4.167040 600.000000 1.000000 0.000000 0.000000 0.000000 1.000000 0.000000 0.000000 0.000000 1.000000 3068b.dat
1 29 1150.000000 -4.167040 520.000000 1.000000 0.000000 0.000000 0.000000 1.000000 0.000000 0.000000 0.000000 1.000000 3068b.dat
1 29 1230.000000 -4.167040 600.000000 1.000000 0.000000 0.000000 0.000000 1.000000 0.000000 0.000000 0.000000 1.000000 3068b.dat
1 29 1310.000000 -4.167040 520.000000 1.000000 0.000000 0.000000 0.000000 1.000000 0.000000 0.000000 0.000000 1.000000 3068b.dat
1 29 1070.000000 -4.167040 600.000000 1.000000 0.000000 0.000000 0.000000 1.000000 0.000000 0.000000 0.000000 1.000000 3068b.dat
1 29 1110.000000 -4.167040 560.000000 1.000000 0.000000 0.000000 0.000000 1.000000 0.000000 0.000000 0.000000 1.000000 3068b.dat
1 29 670.000000 -4.167040 600.000000 1.000000 0.000000 0.000000 0.000000 1.000000 0.000000 0.000000 0.000000 1.000000 3068b.dat
1 29 630.000000 -4.167040 560.000000 1.000000 0.000000 0.000000 0.000000 1.000000 0.000000 0.000000 0.000000 1.000000 3068b.dat
1 29 590.000000 -4.167040 520.000000 1.000000 0.000000 0.000000 0.000000 1.000000 0.000000 0.000000 0.000000 1.000000 3068b.dat
1 29 550.000000 -4.167040 560.000000 1.000000 0.000000 0.000000 0.000000 1.000000 0.000000 0.000000 0.000000 1.000000 3068b.dat
1 29 510.000000 -4.167040 600.000000 1.000000 0.000000 0.000000 0.000000 1.000000 0.000000 0.000000 0.000000 1.000000 3068b.dat
1 29 670.000000 -4.167040 520.000000 1.000000 0.000000 0.000000 0.000000 1.000000 0.000000 0.000000 0.000000 1.000000 3068b.dat
1 29 590.000000 -4.167040 600.000000 1.000000 0.000000 0.000000 0.000000 1.000000 0.000000 0.000000 0.000000 1.000000 3068b.dat
1 29 470.000000 -4.167040 560.000000 1.000000 0.000000 0.000000 0.000000 1.000000 0.000000 0.000000 0.000000 1.000000 3068b.dat
1 29 1270.000000 -4.167040 480.000000 1.000000 0.000000 0.000000 0.000000 1.000000 0.000000 0.000000 0.000000 1.000000 3068b.dat
1 29 1190.000000 -4.167040 480.000000 1.000000 0.000000 0.000000 0.000000 1.000000 0.000000 0.000000 0.000000 1.000000 3068b.dat
1 29 1030.000000 -4.167040 560.000000 1.000000 0.000000 0.000000 0.000000 1.000000 0.000000 0.000000 0.000000 1.000000 3068b.dat
1 29 630.000000 -4.167040 480.000000 1.000000 0.000000 0.000000 0.000000 1.000000 0.000000 0.000000 0.000000 1.000000 3068b.dat
1 29 670.000000 -4.167040 440.000000 1.000000 0.000000 0.000000 0.000000 1.000000 0.000000 0.000000 0.000000 1.000000 3068b.dat
1 29 1310.000000 -4.167040 440.000000 1.000000 0.000000 0.000000 0.000000 1.000000 0.000000 0.000000 0.000000 1.000000 3068b.dat
1 29 1270.000000 -4.167040 400.000000 1.000000 0.000000 0.000000 0.000000 1.000000 0.000000 0.000000 0.000000 1.000000 3068b.dat
1 29 1310.000000 -4.167040 360.000000 1.000000 0.000000 0.000000 0.000000 1.000000 0.000000 0.000000 0.000000 1.000000 3068b.dat
1 29 1230.000000 -4.167040 440.000000 1.000000 0.000000 0.000000 0.000000 1.000000 0.000000 0.000000 0.000000 1.000000 3068b.dat
1 29 390.000000 -4.167040 0.000000 1.000000 0.000000 0.000000 0.000000 1.000000 0.000000 0.000000 0.000000 1.000000 3068b.dat
1 29 990.000000 -4.167040 600.000000 1.000000 0.000000 0.000000 0.000000 1.000000 0.000000 0.000000 0.000000 1.000000 3068b.dat
1 29 950.000000 -4.167040 560.000000 1.000000 0.000000 0.000000 0.000000 1.000000 0.000000 0.000000 0.000000 1.000000 3068b.dat
1 29 910.000000 -4.167040 520.000000 1.000000 0.000000 0.000000 0.000000 1.000000 0.000000 0.000000 0.000000 1.000000 3068b.dat
1 29 870.000000 -4.167040 560.000000 1.000000 0.000000 0.000000 0.000000 1.000000 0.000000 0.000000 0.000000 1.000000 3068b.dat
1 29 830.000000 -4.167040 520.000000 1.000000 0.000000 0.000000 0.000000 1.000000 0.000000 0.000000 0.000000 1.000000 3068b.dat
1 29 750.000000 -4.167040 520.000000 1.000000 0.000000 0.000000 0.000000 1.000000 0.000000 0.000000 0.000000 1.000000 3068b.dat
1 29 910.000000 -4.167040 600.000000 1.000000 0.000000 0.000000 0.000000 1.000000 0.000000 0.000000 0.000000 1.000000 3068b.dat
1 29 710.000000 -4.167040 480.000000 1.000000 0.000000 0.000000 0.000000 1.000000 0.000000 0.000000 0.000000 1.000000 3068b.dat
1 29 710.000000 -4.167040 560.000000 1.000000 0.000000 0.000000 0.000000 1.000000 0.000000 0.000000 0.000000 1.000000 3068b.dat
1 29 790.000000 -4.167040 480.000000 1.000000 0.000000 0.000000 0.000000 1.000000 0.000000 0.000000 0.000000 1.000000 3068b.dat
1 29 710.000000 -4.167040 400.000000 1.000000 0.000000 0.000000 0.000000 1.000000 0.000000 0.000000 0.000000 1.000000 3068b.dat
1 29 750.000000 -4.167040 360.000000 1.000000 0.000000 0.000000 0.000000 1.000000 0.000000 0.000000 0.000000 1.000000 3068b.dat
1 29 750.000000 -4.167040 440.000000 1.000000 0.000000 0.000000 0.000000 1.000000 0.000000 0.000000 0.000000 1.000000 3068b.dat
1 29 870.000000 -4.167040 480.000000 1.000000 0.000000 0.000000 0.000000 1.000000 0.000000 0.000000 0.000000 1.000000 3068b.dat
1 29 830.000000 -4.167040 440.000000 1.000000 0.000000 0.000000 0.000000 1.000000 0.000000 0.000000 0.000000 1.000000 3068b.dat
1 29 790.000000 -4.167040 400.000000 1.000000 0.000000 0.000000 0.000000 1.000000 0.000000 0.000000 0.000000 1.000000 3068b.dat
1 29 270.000000 -4.167040 520.000000 1.000000 0.000000 0.000000 0.000000 1.000000 0.000000 0.000000 0.000000 1.000000 3068b.dat
1 29 350.000000 -4.167040 520.000000 1.000000 0.000000 0.000000 0.000000 1.000000 0.000000 0.000000 0.000000 1.000000 3068b.dat
1 29 270.000000 -4.167040 600.000000 1.000000 0.000000 0.000000 0.000000 1.000000 0.000000 0.000000 0.000000 1.000000 3068b.dat
1 29 110.000000 -4.167040 520.000000 1.000000 0.000000 0.000000 0.000000 1.000000 0.000000 0.000000 0.000000 1.000000 3068b.dat
1 29 110.000000 -4.167040 600.000000 1.000000 0.000000 0.000000 0.000000 1.000000 0.000000 0.000000 0.000000 1.000000 3068b.dat
1 29 310.000000 -4.167040 480.000000 1.000000 0.000000 0.000000 0.000000 1.000000 0.000000 0.000000 0.000000 1.000000 3068b.dat
1 29 150.000000 -4.167040 560.000000 1.000000 0.000000 0.000000 0.000000 1.000000 0.000000 0.000000 0.000000 1.000000 3068b.dat
1 29 70.000000 -4.167040 480.000000 1.000000 0.000000 0.000000 0.000000 1.000000 0.000000 0.000000 0.000000 1.000000 3068b.dat
1 29 70.000000 -4.167040 560.000000 1.000000 0.000000 0.000000 0.000000 1.000000 0.000000 0.000000 0.000000 1.000000 3068b.dat
1 29 270.000000 -4.167040 440.000000 1.000000 0.000000 0.000000 0.000000 1.000000 0.000000 0.000000 0.000000 1.000000 3068b.dat
1 29 110.000000 -4.167040 360.000000 1.000000 0.000000 0.000000 0.000000 1.000000 0.000000 0.000000 0.000000 1.000000 3068b.dat
1 29 110.000000 -4.167040 440.000000 1.000000 0.000000 0.000000 0.000000 1.000000 0.000000 0.000000 0.000000 1.000000 3068b.dat
1 29 70.000000 -4.167040 320.000000 1.000000 0.000000 0.000000 0.000000 1.000000 0.000000 0.000000 0.000000 1.000000 3068b.dat
1 29 70.000000 -4.167040 400.000000 1.000000 0.000000 0.000000 0.000000 1.000000 0.000000 0.000000 0.000000 1.000000 3068b.dat
1 29 190.000000 -4.167040 200.000000 1.000000 0.000000 0.000000 0.000000 1.000000 0.000000 0.000000 0.000000 1.000000 3068b.dat
1 29 110.000000 -4.167040 200.000000 1.000000 0.000000 0.000000 0.000000 1.000000 0.000000 0.000000 0.000000 1.000000 3068b.dat
1 29 110.000000 -4.167040 280.000000 1.000000 0.000000 0.000000 0.000000 1.000000 0.000000 0.000000 0.000000 1.000000 3068b.dat
1 29 230.000000 -4.167040 160.000000 1.000000 0.000000 0.000000 0.000000 1.000000 0.000000 0.000000 0.000000 1.000000 3068b.dat
1 29 150.000000 -4.167040 160.000000 1.000000 0.000000 0.000000 0.000000 1.000000 0.000000 0.000000 0.000000 1.000000 3068b.dat
1 29 70.000000 -4.167040 160.000000 1.000000 0.000000 0.000000 0.000000 1.000000 0.000000 0.000000 0.000000 1.000000 3068b.dat
1 29 70.000000 -4.167040 240.000000 1.000000 0.000000 0.000000 0.000000 1.000000 0.000000 0.000000 0.000000 1.000000 3068b.dat
1 29 310.000000 -4.167040 80.000000 1.000000 0.000000 0.000000 0.000000 1.000000 0.000000 0.000000 0.000000 1.000000 3068b.dat
1 29 270.000000 -4.167040 40.000000 1.000000 0.000000 0.000000 0.000000 1.000000 0.000000 0.000000 0.000000 1.000000 3068b.dat
1 29 230.000000 -4.167040 80.000000 1.000000 0.000000 0.000000 0.000000 1.000000 0.000000 0.000000 0.000000 1.000000 3068b.dat
1 29 190.000000 -4.167040 120.000000 1.000000 0.000000 0.000000 0.000000 1.000000 0.000000 0.000000 0.000000 1.000000 3068b.dat
1 29 190.000000 -4.167040 40.000000 1.000000 0.000000 0.000000 0.000000 1.000000 0.000000 0.000000 0.000000 1.000000 3068b.dat
1 29 350.000000 -4.167040 40.000000 1.000000 0.000000 0.000000 0.000000 1.000000 0.000000 0.000000 0.000000 1.000000 3068b.dat
1 29 270.000000 -4.167040 120.000000 1.000000 0.000000 0.000000 0.000000 1.000000 0.000000 0.000000 0.000000 1.000000 3068b.dat
1 29 110.000000 -4.167040 120.000000 1.000000 0.000000 0.000000 0.000000 1.000000 0.000000 0.000000 0.000000 1.000000 3068b.dat
1 29 310.000000 -4.167040 0.000000 1.000000 0.000000 0.000000 0.000000 1.000000 0.000000 0.000000 0.000000 1.000000 3068b.dat
1 29 230.000000 -4.167040 0.000000 1.000000 0.000000 0.000000 0.000000 1.000000 0.000000 0.000000 0.000000 1.000000 3068b.dat
1 29 150.000000 -4.167040 0.000000 1.000000 0.000000 0.000000 0.000000 1.000000 0.000000 0.000000 0.000000 1.000000 3068b.dat
1 29 70.000000 -4.167040 0.000000 1.000000 0.000000 0.000000 0.000000 1.000000 0.000000 0.000000 0.000000 1.000000 3068b.dat
